-9.29282 -10.8578 -7.58875 -10.7891 -6.46844 -2.87877 -12.7758 -6.85574 -6.49576 -5.82725 -18.2761 -17.0008 -14.779 -3.16347 -9.69741 -8.33355 -10.2866 -7.65236 -9.96766 -9.12716 -17.2729 -7.11879 -25.3409 -15.2827 -18.81 -8.86996 -7.81699 -10.3703 -6.05811 -19.4342 -2.41237 -9.5412 -5.23927 4.54884 5.73185 -1.74678 12.7618 
-6.57849 -7.16331 -20.3786 -13.4364 -3.69599 -5.29137 -8.45897 -4.75543 -10.8036 -5.07012 -7.49267 -7.61535 -6.6346 -10.143 -6.77432 -12.6584 -15.537 -6.49139 -10.7233 -2.26378 -5.24829 -14.6544 -9.49002 -3.48188 -12.8324 -9.09471 -26.9015 -22.0056 -11.2075 -4.27158 -7.49186 -8.73526 -3.57279 -12.3252 -4.41357 -3.52232 -1.18229 
1.29376 3.60581 -5.51158 -14.8671 -6.56478 -7.27142 -22.9664 -12.3732 -19.1845 -7.64874 -9.985 -5.032 -8.78241 -8.00344 -13.7442 -6.27415 -10.5623 -14.9146 -6.83753 -22.2082 -18.8511 -16.5754 -16.9789 -22.4597 -17.8992 -17.7591 -11.296 -13.828 -4.78883 -8.25869 -5.87689 -1.40555 0.446752 0.31821 1.78049 0.792951 7.15237 
-0.562082 0.326142 -8.44633 -35.0095 -19.062 -8.01412 -4.11958 -6.33201 -16.0602 -9.14111 -4.33898 -10.866 -4.40756 -11.4934 -3.9334 -19.9071 -1.74908 -13.7592 -12.3771 -7.01427 -27.0622 -9.10293 -8.99279 -6.91158 -8.53837 -5.53012 -1.15508 -29.4888 -10.5392 -3.96708 -6.24748 -20.8905 2.89762 -6.13425 6.53225 -15.7683 -6.89243 
2.32389 1.95853 0.851838 1.44259 -2.27607 -2.27351 -7.37535 -3.86008 -0.198353 -11.1153 -5.21303 -8.26865 -8.76644 -16.1961 -5.07786 -10.0094 -10.2593 -13.103 -14.9484 -6.67507 -16.9912 -12.427 -19.2028 -6.40417 -8.29096 -16.3268 -7.48461 -9.48376 -13.8473 -9.66303 -17.8078 -3.22488 0.451749 2.66167 -0.23574 9.36334 1.06295 
1.72955 3.34562 -2.20724 -2.40518 1.20184 -8.81735 -11.8793 -5.4019 -2.04811 -1.92463 -5.70455 -6.87575 -7.16803 -0.472459 -13.3337 -12.9735 -10.0561 -14.5691 -13.1556 -15.4979 -14.5634 -5.65751 -14.2085 -21.5178 -14.3643 -8.9661 -12.2201 -7.63196 -3.98126 -16.7309 -10.4821 -0.222699 -9.61329 -1.16536 2.71874 9.15869 6.95572 
8.70676 8.27394 -4.62528 -1.94136 -2.71947 -16.7291 -13.4268 -5.51679 -5.12887 -6.01262 -8.80286 -19.3444 -11.4522 -4.0094 -11.583 -13.1122 -11.563 -24.4069 -4.93078 -6.819 -8.18319 -11.1709 -13.1259 -8.79068 -6.86705 -8.17218 -5.72622 -2.8642 -11.3339 0.706138 -2.6052 -3.06944 1.95138 -3.32384 7.46102 10.017 12.2437 
13.6916 -0.157032 2.59972 7.52736 -3.86829 -1.34107 -16.5437 -4.10222 -5.66617 -5.98605 -12.1703 -7.85395 -11.1156 -17.5407 -15.332 -18.7256 -13.2665 -9.03553 -6.7423 -13.8715 -7.55265 -15.4822 -8.42299 -17.3598 -9.56394 -6.05505 -12.3322 -10.7333 -8.40161 -9.90485 -26.1821 -15.1417 6.63543 11.2044 0.681923 -3.94622 1.44769 
10.7443 0.800364 9.42128 -8.83172 -2.03751 -1.5493 -0.162346 -3.91026 -8.67056 -9.36386 -5.70144 -7.35725 -7.25448 -9.28186 -4.5791 -6.11519 -11.6331 -2.73233 -17.4353 -16.6642 -8.1555 -15.2509 -24.6572 -12.6481 -11.6785 -34.0517 -7.35398 -9.24639 -3.1001 -6.38178 -2.04829 -5.01602 2.47318 2.67366 2.18655 -1.63618 7.28957 
8.31336 10.7593 6.22874 -1.48553 -0.712724 -2.49936 -2.52841 -13.7049 -0.110523 -8.80671 -6.95698 -3.20979 -14.1602 -26.5706 -10.4034 -6.04112 -16.9168 -15.5059 -13.479 -11.7891 -10.6431 -11.5738 -13.425 -7.05588 -6.48828 -2.92872 -7.28574 -6.80472 -6.06414 -15.7443 -4.3388 -11.5382 1.67206 -8.9552 0.814204 -5.71021 0.856515 
13.585 6.67089 -4.56511 -10.3379 0.521713 -8.75226 -6.33265 -8.85572 -8.30164 -8.64109 -13.1861 -6.95989 -10.1498 -9.4996 -2.0926 -8.61619 -6.21051 -11.192 -21.8427 -11.0846 -8.12453 -8.76482 -12.7576 -10.1783 -9.59029 -10.9435 -13.4482 -11.7193 -16.531 -7.93055 -13.0785 -9.92229 -11.3075 -0.292964 2.50713 5.36597 12.0198 
6.03897 2.84249 -3.82009 3.58193 4.29181 -14.3666 -6.06345 0.0923097 -4.65505 -2.27973 -9.49907 -10.4853 -26.8195 -16.7257 -13.303 -4.62704 -16.5059 -8.76863 -14.1688 -12.8479 -6.07804 -8.81422 -12.76 -6.3492 -24.1715 -19.373 -3.7527 -8.25542 -20.0667 -8.01667 -3.54657 -14.1059 -5.09903 -2.47224 1.75263 7.15966 9.21752 
7.15192 10.2288 7.77107 3.46215 1.78683 -2.22537 -1.7819 -1.70424 -4.51595 -1.11071 -4.84327 -4.84622 -15.43 -7.70954 -6.56977 -15.6593 -17.3759 -23.1109 -11.2439 -25.7065 -11.1297 -14.3407 -33.1381 -13.1677 -17.7101 -17.7753 -5.56958 -19.6264 -8.33974 -3.39851 0.0790823 -18.649 -8.29691 -4.23804 9.24942 2.6902 -1.68429 
10.0721 5.14382 6.81184 0.021563 7.58015 -4.6469 2.75802 -9.63306 -4.71783 -12.0689 -5.92222 -19.5608 -14.7237 -14.8314 -8.97434 -22.5364 -15.5222 -7.20779 -12.6685 -10.6838 -22.5992 -27.1184 -13.7347 -13.5527 -8.27406 -13.974 -6.23281 -18.8398 -2.67885 -2.8325 0.965575 -8.79622 2.29402 1.5304 -1.49327 11.2121 -3.33401 
4.72721 5.72432 1.1031 6.51107 -2.65912 -6.14959 -4.69404 -4.4037 -1.87909 -14.3038 -4.07244 -7.31865 -26.9385 -10.911 -9.57233 -10.0185 -10.6602 -11.7408 -18.9073 -19.8051 -7.14446 -19.9208 -8.59901 -20.9524 -3.84241 -13.8416 -7.76744 -6.57316 -5.52336 -1.21122 -4.86338 -0.821288 -16.7922 4.84276 -0.495357 8.79584 1.31321 
7.74241 8.72692 -4.16941 1.86878 -6.50612 -2.25748 -5.09033 1.02205 -14.4911 -9.28794 -1.71371 -5.26712 -8.11763 -5.24895 -8.53643 -12.2168 -16.966 -11.1731 -12.344 -19.7273 -13.5786 -6.84965 -7.4145 -6.6675 -25.2141 -11.8747 -15.2502 -2.65045 -12.8199 -3.51393 -1.34652 -0.836655 -3.90457 -3.6588 -5.21882 2.02019 5.24463 
3.417 -5.02722 0.588598 -1.14352 -4.58481 -7.32461 0.211459 -5.81124 -10.7055 -7.00866 -13.3463 -8.12402 -7.94142 -15.6591 -15.2355 -4.9864 -15.4529 -18.1358 -20.8305 -9.86746 -17.758 -11.3696 -8.06401 -17.4174 -5.29513 -22.217 -0.928532 -4.99471 -3.98047 -7.04431 -0.376589 -9.4679 -4.52683 -4.11185 -3.3712 0.467945 0.37199 
-3.56832 -5.85723 -16.3746 -4.39772 -2.3631 -14.3859 -7.42519 -5.00254 0.997595 -13.2275 -7.22817 -11.6101 -7.70682 -11.1735 -5.8908 -11.6654 -9.35035 -22.2942 -10.4791 -7.29974 -8.85289 -13.705 -6.21183 -18.4452 -7.02781 -12.6673 -5.83695 -18.5182 1.60763 -2.95499 -7.18419 -6.10721 4.51351 -0.633863 -4.77852 -7.29865 -6.84463 
-0.496522 -3.61248 -11.0283 -6.89653 3.769 2.52517 -1.52828 -23.3788 -8.95756 -7.40356 -8.16368 -14.0154 -4.44132 -2.21561 -19.6407 -3.9403 -10.8278 -9.84516 -10.6765 -12.8097 -0.0330356 -6.80777 -8.46316 -5.61789 -5.99625 -5.76861 1.02649 -7.01822 -1.00899 -7.62461 -11.8831 -3.97265 -0.819684 2.74548 -3.79286 1.79856 -0.78583 
2.18284 -1.81914 -9.81203 0.0798867 0.342185 -18.6363 -0.186841 -9.45431 0.728315 0.974322 -10.302 2.00268 -8.14843 -19.5305 -12.4173 -3.50633 -2.89238 -1.87964 -10.9877 -6.31682 -16.0026 -2.66841 -14.1388 3.06455 -12.6557 -0.43776 2.64671 -13.1828 -4.00302 -3.70047 0.600151 -0.134942 3.8715 -5.26297 -5.52628 0.286421 -3.71011 
-0.535855 2.66666 3.24455 -4.84308 -30.5249 -0.791184 -0.16504 -0.00208352 2.94487 -1.5133 1.43708 -2.65046 -2.25213 -6.33719 -7.59051 -0.481745 -0.868261 4.54967 -25.5396 -7.44626 -8.08082 -1.29155 -2.93339 1.49037 0.37855 -6.41363 -8.12607 1.22846 -14.3002 -0.841317 -11.7229 -3.3214 -0.532105 -2.81016 -12.3937 2.08337 -10.4121 
3.82031 -3.81007 -28.7685 -1.72185 -14.1736 7.0023 -0.0662447 1.28962 -3.18762 5.31948 -6.6647 -1.19781 -1.00278 1.38555 -4.88736 1.19603 -2.28931 9.67786 -5.05666 1.0371 9.1498 6.35612 -2.53772 1.94251 7.88113 -8.55611 -2.30488 -10.3551 0.150812 -6.7597 0.427632 -13.4406 5.99778 4.26272 3.02276 -0.940104 5.48064 
8.68387 -2.88503 8.7697 3.80227 8.28941 -0.979785 5.63664 0.997598 -7.99157 10.7121 6.01516 12.2275 -2.48326 10.3955 7.1837 7.68725 14.1436 -1.32795 14.1306 5.96444 6.97496 11.9693 9.80531 7.35578 8.70803 3.00754 -0.485828 8.0557 2.87906 0.888552 10.6833 5.48816 -11.1561 0.391929 8.12968 10.4648 1.53533 
5.02804 2.8071 14.945 11.9144 -3.52771 9.70517 4.40648 5.34903 0.0151658 11.7145 12.8327 16.7482 13.7412 13.3225 13.4993 15.463 11.8965 5.48521 2.36602 20.8545 16.8765 11.3861 12.4708 6.63104 16.5777 10.4515 16.074 16.3151 18.0155 9.24642 15.2471 7.00936 10.0595 7.52383 10.9201 8.05662 1.52459 
8.50525 3.63916 11.0332 11.4291 6.97675 5.92858 6.13794 17.2153 12.1094 9.66613 17.5195 16.4978 19.1163 17.1255 10.3295 20.7415 12.9108 22.6701 16.3305 23.0519 4.41338 9.02699 15.756 16.696 20.4715 6.15327 13.8547 8.69447 15.0845 14.9817 13.7966 11.2083 10.2231 8.88821 12.9567 8.60133 -10.9685 
7.10713 9.37287 13.9747 13.5669 7.74022 16.2036 16.7455 9.28089 14.5645 7.74998 18.8294 16.9714 18.2716 20.9434 20.8711 22.8867 23.7485 21.6292 17.005 13.2334 15.3367 22.6313 20.5427 25.8348 14.2319 19.7762 21.1631 20.6384 23.0391 14.1469 16.1665 12.5593 9.58202 17.7841 12.5367 10.1332 9.39109 
9.62824 -2.05105 9.07227 12.8622 14.1048 13.9075 19.0545 23.9918 24.516 22.906 24.1864 26.4539 17.2297 24.93 24.7028 21.8041 21.4466 24.1388 20.3879 29.5956 11.2811 24.2995 24.6481 21.9776 24.6141 22.2345 16.681 21.589 16.3614 20.4362 16.9922 12.1202 9.22872 14.687 13.8291 13.9021 12.1863 
7.92925 6.38577 16.4079 16.0281 12.6595 20.6671 21.3897 17.4098 20.7791 9.36076 19.2693 22.2772 24.7927 26.231 31.4987 28.019 22.7495 29.8795 31.124 33.2129 24.5316 21.1831 19.4958 22.6549 24.3362 26.8705 20.634 21.4867 15.0468 22.3442 19.9493 6.58942 21.5028 9.49477 22.1374 -15.0921 4.66622 
15.737 6.73961 2.3483 3.82626 23.1964 14.1023 14.4924 23.4595 24.8242 27.0953 16.3077 22.6876 28.88 36.0713 22.5851 20.8158 23.3395 17.6513 32.1835 24.7671 28.2923 28.8342 28.9731 20.1378 27.8942 23.1142 28.2818 25.1492 11.0111 13.568 21.6508 17.9165 6.57762 23.5863 12.0455 16.8512 15.4156 
13.9579 11.7573 13.632 15.3965 17.4939 26.3867 24.0859 15.3444 23.9783 23.4942 19.4045 25.1029 25.1612 26.4004 30.8322 23.2296 18.5527 32.3869 31.486 26.5882 29.4663 25.0257 28.3927 23.3986 23.3817 17.9734 15.1355 24.5474 17.1647 26.9039 4.19431 20.871 17.2398 23.203 18.433 19.0198 16.2325 
2.80257 7.73489 10.7131 11.535 20.2672 20.9293 5.40025 25.5933 19.0012 17.1304 31.9026 30.8468 28.5174 34.2843 22.9358 34.1416 36.5689 32.9647 32.319 34.4865 33.4432 30.6592 34.2102 29.6729 19.064 34.2515 30.2698 19.4133 20.0545 11.116 25.1763 19.1412 11.8617 17.6967 18.6376 18.4718 12.0167 
6.05873 2.49036 12.3569 17.2391 25.336 23.3301 24.745 25.5337 18.0624 15.3114 25.4032 31.2779 31.5884 29.3702 31.626 32.6312 36.7467 33.1121 34.2379 34.6488 32.7285 34.0602 27.6388 28.2543 21.775 30.7574 28.7486 29.378 23.3562 20.1355 24.6288 8.54432 16.2734 11.5543 11.568 11.8927 8.69744 
6.23659 2.24907 8.54451 13.9969 15.673 19.0979 28.0244 24.4225 24.6159 32.1729 29.7584 25.6457 34.7147 25.902 39.1176 33.9817 35.2316 35.0431 33.843 35.0536 34.7126 32.6362 30.9136 27.5692 28.2459 24.2806 20.5589 22.009 27.3931 18.5198 18.6284 16.7175 23.1851 -0.0824393 15.3569 10.1239 7.25014 
9.22168 9.91095 14.4155 10.731 17.5712 20.6797 24.4246 31.1106 23.1985 33.9322 30.3846 35.0037 29.9302 37.4675 34.0142 33.1847 33.6312 35.6943 32.7983 32.4674 34.7357 31.2624 33.6938 31.8569 25.2894 30.0195 29.8824 28.7617 13.7667 23.7494 11.7848 12.383 15.7647 12.6103 7.728 -1.56198 5.11828 
9.319 12.6239 9.71445 2.14577 7.59317 17.4826 24.1771 20.5432 21.8718 27.9918 25.9112 28.6094 34.1552 32.0374 27.987 34.3719 34.9457 36.5492 35.0613 34.7907 34.2736 34.7345 32.8133 31.1456 33.8099 23.1092 27.849 11.2422 26.3536 23.8312 20.2524 11.9093 13.5898 18.0998 5.04524 6.29337 -2.93881 
2.55659 7.33465 8.32242 17.8511 20.5049 18.9144 20.7853 20.4289 21.0389 31.404 28.3435 31.9826 32.8215 40.3568 38.8248 35.4204 36.2057 33.8948 36.0615 35.6415 32.1377 31.2204 35.0248 33.2976 31.6058 32.4577 16.5307 17.9161 17.3525 14.0743 11.9964 22.4778 14.3786 -2.63973 0.635358 0.804781 -0.143372 
5.78253 7.12209 -11.1024 12.8785 5.89393 19.0212 16.0892 28.4579 14.846 29.6038 27.001 21.1492 26.3172 36.7287 34.1674 32.057 33.0178 32.8548 33.6148 33.6716 35.5745 35.205 35.0706 32.3735 26.0576 28.5962 27.1748 22.1691 22.2916 24.5623 17.4336 13.2018 15.2987 11.7295 15.163 -4.8877 -6.94875 
-1.94619 -3.14279 16.0003 21.4746 9.02801 23.0051 24.8122 15.2995 31.7626 28.3295 25.4964 34.8638 31.5135 24.455 26.4603 33.5536 32.7516 32.5895 32.1015 34.2299 34.5329 34.0917 34.9349 29.071 32.788 27.6368 29.2208 25.7449 24.7536 25.0449 -0.101415 10.7789 17.0332 18.4266 14.7856 2.98405 -1.16741 
6.38439 2.18315 11.5984 19.8348 16.3432 7.82116 25.9344 11.531 21.9819 30.2826 33.6122 31.4441 26.7826 34.1532 38.0861 33.5988 34.4019 34.6512 35.0777 35.0227 33.4908 35.3824 37.371 16.3362 36.4455 23.7195 34.2948 25.7028 15.6538 24.247 19.0089 13.3952 12.4567 4.54121 1.86533 10.4232 -1.07205 
5.52124 7.50853 17.1123 8.22666 12.5958 11.8145 22.598 21.3628 27.6453 30.9403 9.47458 28.021 32.985 29.7565 30.9874 37.1274 31.9488 34.4973 35.0789 34.4113 32.8319 37.382 33.3076 33.1583 35.5119 21.2192 27.875 23.0754 22.6046 25.4453 19.1251 19.1524 14.7827 9.09317 15.6486 3.80042 -1.04573 
4.30406 8.99873 5.85469 15.8939 12.9805 1.44276 19.5477 26.1728 23.6745 22.5763 29.8977 29.8502 34.7711 36.8958 36.074 34.5205 36.9446 33.5074 33.9769 30.4091 35.1379 33.0793 32.3049 26.7845 24.0586 23.6682 13.4219 21.5884 19.1548 19.1485 21.9216 16.9063 0.321668 14.2646 13.1642 12.1697 -0.321659 
-4.01349 3.44368 13.0197 17.422 10.586 22.7788 16.5646 31.0048 25.5955 28.2993 32.9935 27.4182 30.5012 32.7211 32.8628 35.0626 37.5647 36.8578 34.8148 33.882 35.0214 37.846 23.4936 23.6394 17.8839 18.7988 30.0436 29.6143 22.0205 20.8778 19.7438 20.5568 15.085 19.3397 8.61048 10.2293 0.802533 
13.6381 5.37002 18.8055 20.113 12.8472 18.8401 25.4464 17.5093 29.1451 24.2595 26.1103 30.4478 25.3735 28.0921 26.1561 30.4818 35.9052 31.1289 33.8573 31.6682 34.1534 34.0799 32.3229 27.9388 29.1011 32.0087 20.2288 25.056 24.9754 22.308 21.8827 21.5082 14.3876 11.9774 14.1004 9.2002 10.2563 
2.99799 12.6337 13.6396 18.6252 23.4337 15.6251 21.6505 21.6303 20.6932 15.1325 22.5687 25.6768 29.3649 28.3154 35.7642 38.9894 33.7082 19.1669 26.9985 33.2558 22.5984 32.0156 23.5611 22.8258 31.3526 22.6761 24.2792 27.6289 23.9244 16.2863 23.8749 25.2436 20.4106 14.8767 16.2787 15.4883 -0.193061 
3.7659 5.15259 10.6354 18.4147 12.5117 23.6852 20.9579 13.1279 20.2081 28.2409 21.6032 31.882 31.1161 18.9065 32.2475 28.6243 22.1475 33.2798 24.8984 19.3635 27.5752 28.4341 29.1385 28.5657 30.2188 24.0888 22.2143 17.0629 26.2543 21.5987 25.4153 25.3824 22.2824 16.9346 11.1208 7.9464 13.8857 
3.16249 11.655 7.05472 17.1994 20.5256 14.5027 9.2128 15.3105 21.9209 25.6288 20.7222 22.9831 1.75451 25.8425 33.3116 22.9661 14.448 25.8931 31.8502 25.3431 27.8048 22.4982 26.0937 22.9278 27.2795 27.7198 19.2305 21.1087 18.5245 24.5825 7.94198 11.9363 20.5903 19.7317 15.3606 6.65791 -2.6037 
6.66246 3.32142 14.9366 12.8908 7.60701 1.60988 -8.49687 9.08404 26.4309 15.9433 23.4301 20.9791 31.137 18.4322 27.0136 17.9266 25.7306 25.0466 25.9479 29.8901 18.8529 17.2615 19.8372 28.5012 25.9497 21.5607 19.1382 20.2234 22.368 25.6576 23.5327 15.7281 14.0969 9.42184 13.4854 6.45074 7.8675 
4.81964 3.73373 1.60651 1.95751 14.2071 15.7999 9.44203 16.514 22.1733 18.7277 14.1517 18.2919 23.1058 16.4099 18.2982 16.5953 23.5289 25.4178 21.1569 17.4698 21.9597 20.6394 17.1746 20.5413 0.816309 2.18428 21.5239 10.6774 6.83011 0.300526 14.9911 11.4226 18.4059 15.6533 11.1578 8.02756 6.73219 
6.59051 7.36383 10.4974 11.9979 4.53844 15.6467 17.1389 19.1864 17.8656 17.5858 15.0349 16.6123 16.0634 18.6792 23.9874 16.7522 22.275 17.5988 17.3197 17.1638 23.4813 16.5262 17.2806 13.9786 17.6335 17.984 10.4768 -1.87469 16.1833 20.3998 12.4733 14.9621 16.6301 7.77664 18.0459 5.95323 10.6065 
3.63103 -3.91297 7.63023 0.09271 15.3666 3.11988 11.155 12.9889 6.0901 15.4184 18.3863 19.7919 14.1676 10.7579 19.5669 10.8995 19.1621 15.4141 18.4454 15.4785 15.7529 12.962 11.5994 16.7749 9.61533 12.5933 13.9973 11.9441 14.4419 13.1179 -13.5447 6.59453 14.8671 10.713 11.6624 11.6643 -1.88237 
1.6 2.38824 9.65512 -3.32548 1.92898 9.78103 0.141909 14.6948 10.4523 10.4343 9.29842 14.6983 4.53611 8.21365 12.2411 10.859 4.79155 9.40122 7.11747 10.8061 13.482 13.7343 10.6627 11.1898 5.93585 12.7314 1.2937 17.7165 7.97905 6.23182 -2.46238 4.33769 0.808806 10.1824 -0.202054 1.19877 -2.5142 
-9.86813 -3.35524 1.59788 -1.61428 5.80632 -4.97727 -0.471826 0.977363 6.17937 -6.26367 -0.903271 8.58979 6.67978 7.12047 5.95578 9.06423 5.00034 0.568655 9.17126 -0.888734 10.6261 -6.67518 8.23181 0.818472 11.734 4.88379 -11.3084 3.73879 -2.30485 -17.2264 1.74016 3.51801 -2.77111 -2.42184 -2.88561 -4.33803 -4.81733 
-8.29017 -3.81628 -14.426 -0.829951 -6.58944 1.22848 -3.15102 -8.56438 -5.25934 -5.97259 -14.0277 -7.38332 -6.94135 -0.394167 0.0485454 -3.09153 1.68628 6.2165 -3.74961 0.991723 -2.2548 -9.31389 -0.199837 -5.48799 -2.42885 -6.16543 -15.3158 -0.159897 -2.03355 -15.5601 -0.649714 -11.4132 -13.5896 -5.87082 -5.69238 -9.46753 -21.1107 
-24.3721 -10.1639 -10.9355 -16.0507 -14.3582 -11.5751 -9.52867 -8.95628 -22.6873 -9.62419 -13.499 -12.1695 -19.0631 -29.6025 -9.00182 -17.8745 -8.97455 -33.3756 -16.0605 -7.50725 -13.1092 -14.7437 -19.1497 -12.8184 -8.00543 -9.85975 -7.16648 -14.3554 -17.6777 -11.1275 -12.6569 -18.2374 -14.8363 -23.3025 -12.0069 -13.9107 -10.835 
-15.0185 -13.8076 -10.2487 -15.2312 -19.5831 -15.6982 -21.9745 -16.5607 -17.1077 -13.5079 -18.1884 -12.9071 -23.7277 -17.824 -16.7038 -16.2893 -28.4719 -24.6334 -19.0354 -13.9712 -20.1826 -16.7114 -26.367 -15.8533 -24.2276 -21.912 -18.3305 -16.5426 -11.7599 -26.3845 -15.0106 -16.0012 -14.0392 -16.2938 -12.6888 -22.5836 -16.5465 
-12.71 -14.642 -15.7948 -16.7857 -13.7769 -28.1441 -15.5868 -25.3665 -19.7605 -13.7729 -31.9982 -20.0404 -17.661 -29.3896 -20.4133 -22.4564 -34.2544 -17.8029 -17.4225 -13.435 -17.9577 -15.6028 -20.2148 -17.2945 -31.8063 -12.4727 -12.1445 -23.2287 -13.0455 -21.7523 -16.4545 -28.1488 -19.8131 -13.0557 -16.2843 -12.8493 -14.246 
-11.2402 -10.613 -13.7744 -16.49 -10.8617 -23.6803 -18.5062 -21.6074 -23.4191 -22.7545 -14.3758 -22.6956 -31.5493 -23.6266 -18.7674 -13.6111 -17.5405 -17.1658 -17.6196 -24.8073 -11.5557 -20.251 -19.3925 -13.3738 -15.7232 -15.2984 -15.8871 -18.3458 -18.069 -15.3055 -24.3921 -19.2977 -22.9571 -17.7808 -24.491 -20.0473 -19.187 
-21.464 -10.2353 -7.62682 -11.1932 -17.746 -17.6129 -7.14239 -11.5119 -17.5959 -29.6915 -14.9184 -13.7614 -26.6651 -11.5386 -17.9817 -25.3936 -12.5063 -18.8422 -11.3322 -20.8107 -18.8256 -20.6803 -10.2085 -27.264 -13.5905 -33.9031 -9.69524 -9.98563 -14.4164 -12.8817 -8.64397 -12.29 -11.7113 -13.7316 -6.19943 -3.74547 -5.86536 
-3.06381 -14.2395 -1.74696 -7.30574 -0.837125 -7.03701 -9.14504 -8.35788 -18.3732 -9.73645 -23.1789 -8.53838 -16.9901 -20.9902 -19.6367 -15.6844 -21.2372 -23.9492 -13.6894 -21.4295 -22.3492 -10.2142 -8.96351 -14.2954 -14.0636 -20.6369 -7.67714 -15.3612 -10.2776 -11.0685 -13.1466 -7.15553 -6.0823 -7.48629 0.625171 -3.2196 -7.97464 
7.72461 -3.99561 1.33079 -0.852585 -4.07552 -1.80666 -12.8665 -9.68885 -12.9037 -15.7405 -15.7758 -17.4076 -10.8757 -14.2939 -15.5515 -17.7771 -11.9265 -15.5405 -15.0263 -42.4573 -7.56248 -10.9518 -24.5995 -12.4631 -18.4404 -9.50133 -21.6586 -10.3737 -14.0275 -34.9692 -8.20999 -4.83242 -3.18285 -7.10159 7.91886 3.96206 -1.95845 
8.23929 8.74802 -2.66169 -4.45364 -13.4381 -9.33642 -16.2059 -6.75374 -7.64176 -17.44 -12.5548 -8.58399 -6.58181 -17.9742 -18.5691 -14.3049 -17.8576 -15.277 -6.95929 -16.8031 -13.0923 -15.2215 -9.52094 -12.0947 -18.9692 -16.7731 -5.95243 -6.88497 -8.03328 -14.0622 -8.35917 -5.02578 -5.20658 -13.3605 -0.89928 -0.142045 -2.60131 
12.8778 6.0637 5.64127 -5.82104 4.49358 1.87128 -5.07246 -0.590851 -6.00247 -5.61363 -16.2128 -15.295 -20.0558 -20.8108 -20.4505 -12.0678 -8.23444 -11.1846 -14.408 -9.00194 -14.2547 -19.9531 -5.62306 -7.25384 -11.0845 -16.3677 -25.085 -8.14787 -12.894 -12.2638 -13.1677 -4.71036 -2.01349 3.52669 5.91266 0.827318 9.07121 
7.9071 8.474 -0.626329 -4.66773 -0.499141 -6.40265 -6.84747 -9.41491 -8.06465 -21.6931 -15.7145 -7.97336 -17.2068 -15.851 -10.5938 -14.8426 -6.54174 -33.8643 -12.2516 -19.8796 -9.41293 -10.7418 -11.1766 -6.87962 -21.0072 -9.8534 -11.5975 -20.1249 -11.3923 -9.611 -4.63673 -6.60878 3.97513 4.22739 7.58998 -1.16694 0.0109996 
6.81102 2.77019 -6.69078 -1.74517 -14.2117 -10.0286 -4.30444 -16.8884 -29.4447 -15.1939 -10.7802 -9.36389 -9.68255 -17.6029 -14.853 -12.9502 -6.22528 -9.50368 -13.7101 -7.38371 -14.5002 -9.44983 -6.47446 -12.4936 -16.0345 -9.70003 -16.7178 -13.9818 -4.72089 -11.8297 -8.65768 -1.07081 -3.59548 -0.357326 3.13802 2.54072 -0.599547 
10.9923 1.27148 -3.90823 6.27799 -19.6063 -22.2308 -10.0001 -9.4483 -2.86872 -16.7177 -16.5598 -11.5776 -6.21005 -14.3547 -7.83872 -10.1371 -25.1677 -13.4108 -13.1398 -8.08536 -7.94978 -6.66904 -9.59115 -40.1813 -11.0533 -14.4052 -1.93316 -4.9525 -14.9736 -4.02027 -11.8698 -8.98409 -5.45816 2.35664 5.74109 4.77434 -4.89324 
-27.5825 3.59735 -6.86954 2.57751 -0.0395676 -3.35273 -12.0988 -10.1774 1.52703 -7.02886 -4.49692 -11.3527 -15.6038 -4.55667 -9.10778 -17.8462 -11.5354 -9.13299 -11.9506 -9.92228 -9.86648 -12.8261 -14.7166 -8.46958 -2.29917 -8.08029 -19.5846 -11.1315 -1.58464 -3.46308 -16.7229 -6.21221 -3.3602 1.41696 11.5061 -0.84251 10.5228 
7.21889 -0.0889972 0.0758551 0.147432 -1.4091 -6.54701 -0.723606 -7.18561 -17.9303 -4.24174 -8.4083 -5.89263 -17.4298 -12.1464 -2.30766 -9.1318 -17.8564 -10.1994 -1.65547 -15.3263 -20.1638 -12.3797 -8.99802 -7.18517 -6.25144 -7.92429 -4.44798 -12.0266 -10.2254 -2.77426 -9.84623 4.41534 2.73204 2.78312 2.63562 6.14659 0.425082 
-3.56207 0.474191 1.54407 -2.27855 -3.22157 -18.3592 -6.80953 -1.34053 -16.0038 -17.0207 -12.1084 -9.61943 -14.9536 -8.17528 -11.343 -8.43123 -7.34851 -8.07634 -23.308 -3.82533 -10.5392 -20.548 -10.1442 -13.5119 -16.6848 -8.19411 -6.06473 -10.1156 -7.29072 -1.14546 -12.5379 2.75046 6.91474 -6.25244 1.57199 8.5963 10.789 
6.5131 -13.9806 -2.70076 -1.79336 -8.01571 -5.95933 -21.0784 -6.42848 -7.86482 -25.9361 -10.8335 -6.34275 -8.75448 -6.4067 -23.0575 -21.2294 -8.15847 -20.4025 -10.6481 -8.20189 -12.8022 -17.2829 -8.22592 -13.7213 -14.5639 -10.5235 -6.48051 -8.46692 -7.07198 -7.08914 5.11104 0.710313 8.09693 5.80341 3.44947 4.77041 9.52675 
2.28293 -6.11667 -11.2227 -4.33015 -16.5388 -7.6903 -1.65834 -9.70612 -12.0536 -7.58781 -9.90435 -8.13499 -6.60504 -13.3903 -16.1911 -7.16674 -6.47444 -10.7408 -6.71344 -11.5235 -11.1355 -3.86542 -8.5212 -7.11131 -7.03992 -9.61111 -4.70964 -13.3538 -13.5591 -12.9816 -10.1497 1.27347 -3.25241 0.389635 -4.47022 4.9307 2.40828 
-1.66779 0.390258 -4.29074 -6.0226 -3.5346 -4.34249 -14.7237 -9.73251 -9.94103 -13.3392 -5.83697 -6.80833 -27.3644 -8.40108 -19.344 -16.4188 -5.05394 -10.2409 -21.3157 -7.69972 -9.81251 -16.403 -5.6854 -9.93968 -12.4342 -15.7754 -11.4524 -14.3723 -33.5349 -5.57589 -13.9114 0.0416372 -14.542 -10.6919 3.23099 1.0257 9.35743 
2.23594 1.15026 0.447556 -15.1237 -10.8288 -6.97549 -4.58214 -12.7617 -9.14426 -9.41145 -3.81121 -5.03006 -14.0797 -6.21214 -10.339 -14.6955 -7.15737 -10.2995 -7.43562 -19.3539 -6.37692 -5.93446 -16.1153 -19.1613 -24.5491 -9.18291 -4.54153 -6.40419 -7.03768 -5.26025 -2.06672 -8.29341 -0.0244517 1.07694 0.705438 -7.2235 -24.4215 
-0.791391 -12.6707 0.0122909 -8.81915 -4.72515 -20.6707 -12.9954 -16.5399 -2.9312 -4.92126 -17.7767 -3.13022 -6.19257 -14.206 -18.282 -2.06533 -5.85597 -7.40079 -5.35101 -31.2671 -17.5741 -13.0933 -12.3611 -20.4492 -14.4258 -6.61716 -10.5209 -2.8858 -3.99775 -1.7301 -8.81542 -7.20393 2.28321 -4.79501 -8.2661 2.90674 -5.26162 
