21
3083.186728 881.9483025 1378.607253 2151.512346 291.0725309 922.658179 829.3171296 902.0100309 2325.983796 695.5555556 452.4575617 1639.440586 379.4714506 3300.111883 2979.66821 437.337963 841.5277778 3000.601852 2830.493827 978.1983025
1 4
1 5
1 8
1 20
2 4
2 5
3 6
4 1
4 2
4 5
4 11
4 17
4 18
5 1
5 2
5 4
6 3
6 8
7 8
7 14
7 21
8 1
8 6
8 7
8 9
8 20
9 8
9 20
9 21
10 12
10 13
11 4
11 13
11 18
11 19
12 10
12 13
12 19
13 10
13 11
13 12
13 19
14 7
14 16
14 21
15 16
16 14
16 15
16 21
17 4
17 18
17 20
18 4
18 11
18 17
18 19
19 11
19 12
19 13
19 18
20 1
20 8
20 9
20 17
21 7
21 9
21 14
21 16