12.1
12.1
12.1
12.1
7.73
7.72
7.74
7.75
14.7
14.7
14.7
14.7
14.4
14.4
14.4
14.4
3.08
3.09
3.09
3.07
14.9
14.8
14.8
14.9
6.73
6.76
6.81
6.78
13.9
13.9
13.9
13.9
6.83
6.84
6.86
6.87
8.73
8.71
8.69
8.7
12.9
12.9
12.9
12.9
11.7
11.7
11.7
11.7
9.77
9.78
9.79
9.78
7.76
7.82
7.8
7.74
14
14
13.9
13.9
10.7
10.7
10.7
10.7
14.7
14.7
14.7
14.7
13.5
13.5
13.5
13.5
13.9
13.9
13.9
13.9
12.7
12.7
12.7
12.7
14.4
14.5
14.5
14.4
9.86
9.9
9.9
9.87
14
14
14
14
3.99
4.01
4.04
4.03
12.7
12.7
12.7
12.7
13.4
13.4
13.4
13.4
9.81
9.83
9.83
9.82
12.8
12.7
12.7
12.8
14.2
14.3
14.3
14.2
11.2
11.2
11.2
11.2
119
-141
-60
38.5
-163
-58.9
22.3
116
2.45
103
-177
-78.5
58.8
157
-122
-23.1
93.5
-168
-86.4
12.4
30.3
129
-150
-50.7
156
-105
-24.6
75
-169
-70.4
11.2
110
-121
-22.8
58.3
158
-106
-7.4
73.4
173
175
-85.8
-5.72
92.6
-158
-58.8
21.5
121
-133
-34.1
47.3
146
-91.2
7.35
88
-173
-172
-73.2
7.53
107
125
-136
-54.9
43.9
64.9
163
-115
-16.8
-93.9
4.81
84.9
-176
-37.1
61.1
142
-120
141
-120
-39.7
59.5
-112
-14.1
67
166
-43.2
55.9
137
-125
-142
-43
37.7
137
4.3
103
-176
-77.1
-36.8
61.9
143
-118
-48.9
49.4
130
-132
98
-163
-83.1
16.3
60.9
160
-119
-20.1
-69.5
28.8
110
-151
3.57
103
-177
-78.3