1472 0
3 0
9 40
12 0
10 1
2 3
13 0
9 41
16 2
13 0
7 1
23 0
9 42
17 0
15 2
3 2
33 0
9 43
14 1
7 1
0 1
43 0
9 46
10 1
9 0
7 1
53 0
9 47
15 2
7 1
3 2
63 0
9 48
18 3
15 2
7 1
73 0
9 49
7 1
6 1
2 3
83 0
9 50
16 2
11 1
0 2
93 0
10 35
17 0
13 0
3 2
103 0
10 36
10 1
7 1
5 2
113 0
10 37
6 1
3 2
2 3
123 0
10 39
10 1
7 1
0 1
133 0
10 40
13 0
7 1
3 2
143 0
10 41
15 1
10 1
7 1
153 0
10 42
3 2
2 3
1 1
163 0
10 43
15 2
10 1
3 2
173 0
10 44
16 2
9 0
5 3
183 0
10 46
5 3
2 3
0 1
193 0
10 49
11 1
3 2
0 2
203 0
10 50
9 0
2 3
0 2
213 0
10 55
9 0
7 1
5 3
223 0
11 33
16 2
3 2
1 1
233 0
11 34
17 0
6 1
3 2
243 0
11 35
8 0
3 2
2 3
253 0
11 36
13 0
10 1
3 2
263 0
11 39
7 1
6 1
3 2
273 0
11 40
5 2
2 3
0 2
283 0
11 43
9 0
5 3
3 2
293 0
11 44
7 1
3 2
1 1
303 0
11 45
15 1
2 3
0 2
313 0
11 46
12 0
2 3
0 2
323 0
11 47
10 1
7 1
6 1
333 0
11 48
7 1
5 3
0 1
343 0
11 49
14 1
8 0
7 1
353 0
11 51
10 1
9 0
5 3
363 0
11 52
9 0
7 1
0 2
373 0
11 54
6 1
5 3
2 3
383 0
11 55
12 1
10 1
2 3
393 0
11 57
13 0
7 1
5 3
403 0
12 31
16 2
5 2
0 2
413 0
12 36
5 3
3 2
0 1
423 0
12 37
8 0
7 1
3 2
433 0
12 51
6 1
2 3
0 2
443 0
12 56
2 3
1 1
0 2
453 0
13 30
5 2
3 2
0 2
463 0
13 31
9 0
5 2
2 3
473 0
13 33
10 1
8 0
3 2
483 0
13 34
9 0
2 3
0 1
493 0
13 57
7 1
6 2
2 3
503 0
13 58
7 1
1 1
0 2
513 0
14 26
11 0
10 1
3 2
523 0
14 27
12 0
5 2
2 3
533 0
14 29
15 1
2 3
0 1
543 0
14 31
3 2
2 3
1 0
553 0
14 32
15 1
12 0
2 3
563 0
14 62
12 1
10 1
5 3
573 0
15 26
7 1
5 2
0 1
583 0
15 27
12 0
9 0
3 2
593 0
15 28
15 1
7 1
5 2
603 0
15 62
6 2
5 3
2 3
613 0
15 63
5 3
1 1
0 2
623 0
16 24
15 1
10 1
5 2
633 0
16 25
12 0
10 1
5 2
643 0
16 27
14 0
7 1
3 2
653 0
16 64
7 1
6 2
5 3
663 0
17 23
11 0
5 2
2 3
673 0
17 26
7 1
3 2
2 2
683 0
18 22
10 1
3 2
2 2
693 0
18 23
8 0
3 2
0 1
703 0
18 24
17 0
16 2
10 0
713 0
18 25
11 0
7 1
5 2
723 0
18 65
7 1
3 3
1 1
733 0
18 67
10 2
7 1
0 2
743 0
19 20
7 0
5 2
2 3
753 0
19 21
11 0
10 1
5 2
763 0
20 22
12 0
9 0
5 2
773 0
20 70
5 3
3 3
1 1
783 0
21 19
3 2
1 0
0 1
793 0
21 21
10 1
7 0
0 1
803 0
22 17
16 2
13 3
5 2
813 0
22 20
6 1
5 2
0 1
823 0
23 19
8 0
7 0
3 2
833 0
24 17
12 0
11 0
0 1
843 0
24 18
11 0
3 2
1 0
854 0
24 55
7 1
6 0
3 2
0 2
864 0
24 58
6 1
2 3
1 0
0 2
874 0
24 59
4 0
3 2
2 3
0 2
884 0
24 61
7 1
5 3
3 1
2 3
894 0
24 63
6 1
3 3
2 3
0 1
904 0
24 65
5 2
3 3
2 3
1 1
913 0
24 73
6 2
5 3
3 3
923 0
25 18
8 0
3 2
2 2
934 0
25 51
5 2
4 1
2 3
0 2
944 0
25 55
7 1
4 1
3 2
1 1
954 0
25 59
4 3
3 2
2 3
1 1
964 0
25 61
4 2
3 2
1 1
0 2
974 0
25 63
5 3
4 3
2 3
0 1
984 0
25 66
8 0
7 1
4 2
0 2
994 0
25 67
7 0
3 3
2 3
0 2
1004 0
25 69
9 0
5 3
3 3
0 1
1014 0
25 70
5 3
4 1
2 3
1 1
1023 0
26 14
5 2
1 0
0 1
1033 0
26 15
7 0
3 2
1 0
1043 0
26 16
15 1
5 2
1 0
1053 0
26 17
6 0
5 2
3 2
1064 0
26 47
5 3
4 1
3 2
0 1
1074 0
26 51
3 2
2 3
1 2
0 1
1084 0
26 55
4 2
2 3
1 1
0 1
1094 0
26 57
5 2
4 3
2 3
0 2
1104 0
26 59
5 3
3 2
2 3
1 3
1114 0
26 60
6 0
5 3
3 2
0 2
1124 0
26 61
7 1
4 3
3 2
1 1
1134 0
26 62
6 1
4 1
2 3
0 2
1144 0
26 68
7 1
2 3
1 3
0 2
1154 0
26 69
8 0
6 1
3 3
2 3
1164 0
26 72
7 1
5 3
4 1
1 1
1174 0
26 73
6 1
5 3
4 2
0 2
1183 0
27 14
9 0
5 2
2 2
1194 0
27 47
7 1
6 2
5 2
0 1
1204 0
27 50
6 0
3 2
2 3
1 1
1214 0
27 53
5 3
4 3
3 2
0 1
1224 0
27 54
6 0
5 3
2 3
0 1
1234 0
27 66
5 3
4 0
3 2
0 2
1244 0
27 72
5 3
3 2
2 3
0 3
1254 0
27 73
4 3
2 3
1 1
0 2
1264 0
27 74
6 2
4 2
2 3
0 2
1274 0
27 75
5 3
3 3
1 1
0 1
1283 0
28 14
3 2
2 2
1 0
1294 0
28 44
7 1
6 1
1 0
0 1
1304 0
28 45
4 2
3 2
1 1
0 1
1314 0
28 46
3 2
2 2
1 1
0 2
1324 0
28 47
5 2
4 3
3 2
0 2
1334 0
28 48
6 0
5 2
2 3
0 2
1344 0
28 71
6 2
3 3
2 3
0 1
1354 0
28 72
5 0
3 2
2 3
0 2
1364 0
28 73
5 3
2 3
1 3
0 2
1374 0
28 76
6 1
5 3
2 3
1 2
1383 0
29 13
11 0
5 2
1 0
1393 0
29 14
14 0
8 0
5 2
1404 0
29 41
5 2
4 3
2 3
0 1
1414 0
29 44
6 0
5 3
3 2
0 1
1424 0
29 46
6 1
4 1
2 3
0 1
1434 0
29 73
5 3
4 0
2 3
1 1
1444 0
29 75
3 2
2 0
1 1
0 2
1454 0
29 77
6 0
5 3
3 3
2 3
1463 0
30 12
12 0
10 0
5 2
1473 0
30 13
8 0
5 2
2 2
1484 0
30 40
3 2
2 3
1 3
0 1
1494 0
30 75
6 1
5 3
4 3
0 2
1504 0
30 79
6 2
5 3
4 3
2 3
1513 0
31 12
12 0
11 0
2 2
1523 0
31 13
7 0
1 0
0 1
1534 0
31 38
5 2
4 1
3 2
1 1
1544 0
31 41
4 1
3 2
1 1
0 1
1554 0
31 42
7 0
5 2
1 1
0 2
1564 0
31 78
5 3
4 2
2 3
1 2
1574 0
31 80
4 0
3 3
2 3
0 2
1584 0
31 82
7 1
5 3
3 0
2 3
1593 0
32 13
9 0
7 0
2 2
1604 0
32 38
5 2
4 0
2 3
0 1
1614 0
32 79
7 1
3 0
2 3
0 2
1624 0
32 80
4 3
3 3
2 3
1 1
1634 0
32 82
4 2
3 3
1 1
0 2
1643 0
33 11
11 0
10 0
0 1
1653 0
33 12
2 2
1 0
0 1
1664 0
33 36
5 2
3 2
1 2
0 1
1674 0
33 40
4 1
2 3
1 0
0 1
1684 0
33 80
5 3
3 3
2 3
1 3
1694 0
33 83
5 3
2 3
1 1
0 3
1703 0
34 11
12 0
5 2
3 1
1713 0
34 13
12 3
5 2
0 1
1724 0
34 35
5 2
3 2
2 3
0 0
1734 0
34 83
5 0
2 3
1 1
0 2
1744 0
34 84
5 3
3 0
2 3
0 2
1754 0
34 85
7 1
5 3
1 1
0 3
1763 0
36 11
7 0
6 0
5 2
1774 0
36 33
5 2
4 3
3 2
1 0
1784 0
36 34
6 0
5 2
2 3
1 0
1794 0
36 36
4 3
3 2
1 0
0 1
1804 0
36 84
4 3
3 3
1 1
0 2
1814 0
36 85
5 3
4 1
2 0
0 2
1823 0
37 11
9 3
2 2
0 1
1834 0
37 32
6 0
5 2
4 2
3 2
1844 0
37 86
5 3
4 2
2 0
1 1
1853 0
38 10
6 0
5 2
2 2
1864 0
38 88
6 2
3 3
2 3
1 2
1873 0
39 10
5 2
3 1
1 0
1883 0
39 12
12 3
7 0
0 1
1894 0
39 33
4 0
3 2
1 0
0 1
1905 0
39 72
4 2
3 3
2 3
1 0
0 1
1914 0
39 87
3 3
2 3
1 1
0 3
1924 0
39 88
5 3
3 3
2 0
1 0
1934 0
39 89
6 2
2 0
1 1
0 2
1943 0
40 9
14 0
12 3
5 2
1953 0
40 10
10 0
7 0
1 0
1964 0
40 31
5 2
3 2
2 2
1 2
1975 0
40 67
5 3
4 0
2 3
1 0
0 1
1985 0
40 68
5 1
3 2
2 3
1 1
0 2
1995 0
40 70
5 3
4 1
3 2
2 3
1 3
2005 0
40 72
6 1
3 2
2 0
1 1
0 1
2015 0
40 74
5 2
3 3
2 3
1 2
0 1
2025 0
40 79
5 0
3 2
2 3
1 0
0 2
2035 0
40 80
6 1
4 2
3 3
2 3
1 0
2045 0
40 81
6 2
5 3
4 0
2 3
0 1
2055 0
40 84
5 3
4 0
3 2
2 3
1 2
2064 0
40 88
5 3
4 0
2 0
0 2
2074 0
40 89
5 3
4 2
3 3
1 2
2083 0
41 9
12 0
3 1
2 2
2094 0
41 31
5 2
4 1
3 1
2 3
2105 0
41 66
5 2
4 0
3 3
2 3
0 1
2115 0
41 67
4 1
3 2
2 3
1 3
0 2
2125 0
41 68
4 3
3 2
2 3
1 2
0 1
2135 0
41 72
5 3
4 2
3 2
2 3
0 0
2145 0
41 75
5 3
3 3
2 2
1 1
0 1
2155 0
41 76
5 3
4 1
3 2
2 0
0 1
2163 0
41 79
3 3
2 0
1 2
2175 0
41 80
6 2
5 3
4 1
2 3
1 0
2185 0
41 81
4 0
3 2
2 3
1 2
0 2
2195 0
41 83
5 3
4 1
3 2
2 3
0 3
2205 0
41 85
6 1
3 3
2 3
1 2
0 1
2215 0
41 88
5 3
4 2
3 3
2 2
0 2
2223 0
42 9
10 0
2 2
1 0
2235 0
42 64
5 3
3 2
2 3
1 0
0 0
2245 0
42 69
5 2
3 3
2 2
1 1
0 2
2255 0
42 82
4 0
3 3
2 3
1 1
0 1
2265 0
42 83
5 0
4 1
3 2
2 3
0 2
2274 0
42 89
4 1
3 3
2 0
0 2
2285 0
42 90
5 3
4 0
3 3
2 3
1 0
2293 0
43 9
7 0
6 0
2 2
2303 0
43 11
12 0
10 0
3 1
2314 0
43 31
4 3
3 2
2 2
1 0
2325 0
43 58
5 3
3 2
2 2
1 2
0 1
2335 0
43 86
4 1
3 2
2 0
1 1
0 2
2345 0
43 87
4 0
3 3
2 3
1 0
0 2
2355 0
43 88
6 0
5 3
4 1
3 3
2 3
2365 0
43 89
5 0
4 3
3 2
2 3
0 2
2374 0
43 90
4 2
3 3
2 0
1 1
2385 0
43 91
6 1
4 1
3 3
1 1
0 2
2393 0
44 9
7 0
3 1
1 0
2403 0
44 11
6 0
5 2
3 1
2414 0
44 30
5 3
3 1
2 2
0 1
2425 0
44 57
5 1
3 2
2 3
1 0
0 2
2435 0
44 58
5 3
4 1
3 1
2 3
0 1
2445 0
44 88
5 3
4 0
3 2
1 2
0 2
2455 0
44 90
6 1
4 3
2 3
1 2
0 2
2465 0
44 92
4 3
3 2
2 0
1 1
0 2
2475 0
44 93
6 1
5 3
4 2
2 3
0 3
2485 0
44 94
5 3
3 2
2 3
1 2
0 3
2493 0
45 11
7 0
5 1
0 1
2505 0
45 90
5 3
4 3
3 3
2 2
0 2
2514 0
45 91
5 3
4 2
3 3
0 3
2525 0
45 92
4 2
3 3
2 3
1 3
0 2
2535 0
45 94
5 0
3 2
2 3
1 2
0 2
2543 0
46 10
11 3
5 2
2 2
2553 0
46 11
5 2
2 2
0 0
2564 0
46 28
4 0
3 2
2 2
1 0
2574 0
46 29
6 2
5 2
3 1
0 1
2585 0
46 56
4 2
3 1
2 3
1 1
0 1
2593 0
46 81
3 3
2 0
0 3
2604 0
46 91
5 0
4 2
3 3
0 2
2614 0
46 92
4 0
3 3
2 0
0 2
2625 0
46 93
5 3
3 3
2 0
1 0
0 1
2635 0
46 94
5 3
4 0
3 3
1 0
0 2
2645 0
46 95
5 0
3 3
2 3
1 1
0 1
2653 0
47 9
12 3
5 2
3 1
2663 0
47 10
5 1
2 2
0 1
2674 0
47 26
6 0
4 1
3 2
2 2
2685 0
47 52
4 3
3 2
2 2
1 0
0 2
2694 0
47 92
4 3
3 3
2 0
1 1
2705 0
47 94
5 3
4 1
2 3
1 1
0 3
2715 0
47 95
5 3
3 3
2 2
1 2
0 2
2725 0
47 96
6 0
3 3
2 3
1 2
0 2
2733 0
48 9
12 3
10 0
7 0
2743 0
48 10
10 0
3 1
1 0
2754 0
48 26
5 2
4 3
2 2
1 0
2765 0
48 54
4 0
3 2
2 3
1 3
0 1
2774 0
48 92
5 3
3 3
2 0
1 3
2784 0
48 94
5 0
3 3
2 3
1 2
2795 0
48 97
5 3
4 1
3 3
2 0
0 1
2805 0
48 98
6 0
5 3
4 3
3 3
0 2
2815 0
48 99
5 3
4 2
3 3
1 3
0 2
2823 0
49 10
7 0
6 0
3 1
2834 0
49 28
5 1
4 1
3 2
0 1
2845 0
49 52
4 1
3 1
2 3
1 1
0 1
2854 0
49 93
5 3
4 3
3 3
0 3
2865 0
49 97
6 1
4 3
3 3
2 3
1 2
2875 0
49 98
5 3
4 3
2 0
1 0
0 2
2885 0
49 100
5 0
4 3
2 3
1 1
0 2
2893 0
50 9
11 0
5 1
2 2
2904 0
50 26
6 1
5 2
2 2
1 3
2915 0
50 49
4 0
3 2
2 2
1 0
0 2
2923 0
51 10
7 0
2 2
0 0
2934 0
51 26
4 0
2 2
1 0
0 1
2945 0
51 100
4 2
3 3
2 0
1 0
0 2
2955 0
51 102
5 0
3 2
2 0
1 1
0 2
2963 0
52 10
14 0
2 2
0 0
2973 0
52 12
5 1
2 2
1 0
2984 0
52 25
6 0
5 1
3 2
0 1
2995 0
52 47
5 2
4 3
2 2
1 0
0 2
3004 0
52 94
4 2
3 3
2 0
1 2
3015 0
52 100
5 3
4 0
3 3
2 0
0 1
3025 0
52 101
5 3
4 3
3 3
1 3
0 2
3035 0
52 102
5 2
3 3
2 0
1 2
0 2
3043 0
53 11
5 1
3 1
0 1
3053 0
53 12
10 0
7 0
0 0
3063 0
53 79
5 0
3 3
0 3
3074 0
53 93
5 3
3 0
2 0
1 1
3085 0
53 101
5 0
4 1
3 3
2 3
1 1
3095 0
53 102
5 3
3 3
2 1
1 1
0 2
3103 0
54 11
14 0
11 3
10 0
3113 0
54 12
9 3
7 0
5 1
3125 0
54 47
4 3
3 1
2 3
1 0
0 1
3135 0
54 48
5 2
3 2
2 1
1 0
0 2
3145 0
54 103
6 1
5 3
4 2
2 0
1 2
3155 0
54 104
4 3
3 3
2 3
1 1
0 3
3163 0
55 11
10 0
2 2
0 0
3173 0
55 12
3 1
2 2
1 3
3184 0
55 24
6 3
5 2
3 1
0 1
3194 0
55 25
5 2
2 1
1 0
0 1
3204 0
55 26
6 0
5 2
4 2
3 1
3215 0
55 46
5 2
3 2
2 3
1 3
0 0
3226 0
55 85
5 1
4 3
3 2
2 3
1 1
0 2
3234 0
55 94
5 3
4 3
2 0
0 3
3246 0
55 96
5 0
4 3
3 2
2 3
1 0
0 2
3256 0
55 100
5 3
4 2
3 1
2 3
1 2
0 2
3265 0
55 102
4 3
3 3
2 0
1 0
0 2
3275 0
55 105
6 1
4 3
3 3
2 0
1 1
3283 0
56 11
9 3
5 1
2 2
3294 0
56 24
5 2
4 1
2 2
1 3
3304 0
56 94
5 0
4 3
2 0
0 2
3314 0
56 96
4 3
3 3
2 0
1 2
3326 0
56 100
6 1
5 3
4 0
3 3
2 2
0 2
3336 0
56 101
5 3
4 2
3 0
2 3
1 1
0 1
3346 0
56 102
6 1
4 3
3 3
2 3
1 2
0 1
3356 0
56 103
6 0
5 3
4 2
3 3
1 0
0 2
3365 0
56 104
5 0
3 3
2 3
1 3
0 2
3373 0
57 11
7 0
3 1
0 0
3383 0
57 13
6 0
5 1
2 2
3394 0
57 26
5 2
4 2
2 2
0 0
3405 0
57 44
4 0
3 1
2 3
1 0
0 1
3416 0
57 82
5 2
4 0
3 2
2 3
1 1
0 3
3424 0
57 96
4 2
3 3
2 0
0 3
3436 0
57 97
5 2
4 2
3 3
2 0
1 1
0 1
3445 0
57 104
5 0
4 0
3 3
2 3
1 1
3455 0
57 105
5 0
4 1
3 3
1 1
0 2
3463 0
58 13
5 1
3 1
1 0
3474 0
58 24
6 0
3 2
2 2
0 0
3484 0
58 25
5 1
4 2
2 2
0 1
3495 0
58 46
5 2
3 3
2 2
1 3
0 1
3506 0
58 102
5 2
4 2
3 3
2 0
1 0
0 2
3515 0
58 104
5 0
4 3
2 3
1 2
0 2
3526 0
58 105
5 3
4 1
3 2
2 3
1 2
0 3
3536 0
58 106
6 1
4 2
3 0
2 3
1 1
0 2
3544 0
59 24
6 0
2 2
1 3
0 1
3556 0
59 74
5 1
4 3
3 2
2 3
1 0
0 2
3566 0
59 103
5 3
4 1
3 2
2 0
1 3
0 2
3576 0
59 104
5 3
4 3
3 2
2 0
1 2
0 1
3586 0
59 105
5 0
4 1
3 2
2 3
1 2
0 2
3595 0
59 106
4 2
3 3
2 3
1 2
0 3
3606 0
59 107
5 3
4 1
3 3
2 3
1 1
0 0
3616 0
59 108
6 1
5 3
4 1
3 3
1 3
0 2
3624 0
60 24
7 0
2 1
1 0
0 1
3634 0
60 26
5 1
4 0
3 2
2 2
3644 0
60 95
5 0
4 1
3 3
2 0
3655 0
60 105
5 3
3 0
2 3
1 1
0 3
3665 0
60 106
5 0
3 2
2 0
1 2
0 2
3675 0
60 107
6 1
4 2
3 3
2 0
1 2
3685 0
60 108
5 3
3 3
2 0
1 1
0 0
3696 0
60 109
5 3
4 3
3 2
2 0
1 3
0 2
3703 0
61 13
7 0
3 1
2 1
3714 0
61 25
4 3
3 1
2 2
1 0
3724 0
61 26
6 0
5 2
1 0
0 0
3735 0
61 43
6 0
5 2
2 3
1 0
0 0
3745 0
61 44
4 2
3 1
2 2
1 0
0 2
3755 0
61 107
5 0
3 3
2 0
1 1
0 1
3765 0
61 108
5 0
4 0
3 3
1 1
0 2
3776 0
61 109
6 1
4 3
3 2
2 0
1 2
0 2
3786 0
61 110
5 3
4 3
3 3
2 0
1 0
0 1
3796 0
61 111
5 0
4 1
3 3
2 3
1 0
0 2
3806 0
61 112
5 0
4 3
3 3
2 3
1 1
0 1
3814 0
62 24
6 0
4 2
3 1
2 2
3824 0
62 25
5 2
4 1
3 1
1 3
3834 0
62 26
7 0
5 2
4 0
0 0
3845 0
62 41
5 1
4 3
3 2
1 0
0 1
3856 0
62 109
6 0
5 3
4 2
3 3
2 0
0 1
3866 0
62 110
6 1
4 3
3 3
2 0
1 1
0 1
3876 0
62 111
6 2
5 3
4 1
3 3
1 2
0 1
3883 0
63 14
6 0
5 1
3 1
3893 0
63 15
7 0
5 1
0 0
3904 0
63 94
3 0
2 0
1 2
0 2
3915 0
63 107
5 3
4 1
3 0
2 0
0 2
3925 0
63 108
4 3
3 3
2 3
1 2
0 3
3935 0
63 109
5 3
4 3
3 3
2 0
1 3
3946 0
63 110
5 3
4 0
3 3
2 3
1 1
0 0
3953 0
64 17
9 3
7 3
3 1
3964 0
64 25
5 2
4 0
2 2
0 0
3974 0
64 26
5 1
4 2
3 1
0 1
3985 0
64 41
4 1
3 2
2 1
1 0
0 1
3993 0
64 75
3 0
2 0
0 3
4004 0
64 94
5 0
4 2
3 3
0 3
4014 0
64 95
4 0
3 3
2 0
0 3
4025 0
64 108
5 3
4 2
3 0
2 0
1 1
4036 0
64 113
5 3
4 1
3 2
2 0
1 1
0 3
4046 0
64 114
5 3
4 0
3 3
2 3
1 0
0 3
4054 0
65 24
5 1
4 0
2 2
0 1
4066 0
65 113
5 0
4 1
3 2
2 0
1 1
0 2
4076 0
65 115
5 3
4 2
3 3
2 3
1 2
0 0
4084 0
66 26
6 0
4 3
3 1
2 2
4095 0
66 108
5 0
4 0
3 3
2 3
1 2
4105 0
66 109
5 0
4 1
3 3
1 2
0 2
4116 0
66 114
5 0
4 2
3 3
2 3
1 2
0 1
4126 0
66 116
6 2
4 3
3 0
2 3
1 1
0 2
4136 0
66 117
6 1
5 0
4 3
2 3
1 2
0 2
4143 0
67 17
5 1
3 1
1 3
4153 0
67 19
7 3
2 2
0 0
4164 0
67 95
5 0
3 3
2 0
1 3
4175 0
67 109
5 0
4 0
2 0
1 1
0 2
4185 0
67 110
5 3
4 0
3 0
2 0
0 2
4196 0
67 118
6 0
5 0
4 3
3 3
2 3
0 2
4204 0
68 26
6 3
5 1
2 2
0 1
4215 0
68 110
4 1
3 3
2 0
1 1
0 3
4226 0
68 116
5 3
4 0
3 2
2 0
1 1
0 3
4236 0
68 117
6 0
5 3
4 0
3 3
1 2
0 2
4246 0
68 118
6 1
5 3
3 0
2 3
1 1
0 3
4254 0
69 25
7 0
5 2
2 1
1 3
4265 0
69 42
6 0
4 1
3 2
2 1
0 1
4274 0
69 95
5 0
4 3
2 0
1 2
4285 0
69 109
5 3
3 0
2 3
1 2
0 3
4296 0
69 117
5 3
4 3
3 3
2 3
1 2
0 0
4306 0
69 118
6 1
5 0
3 0
2 3
1 1
0 2
4314 0
70 25
4 2
3 1
2 2
0 0
4324 0
70 26
5 1
4 0
2 2
1 0
4336 0
70 63
5 2
4 3
3 2
2 3
1 3
0 0
4344 0
70 95
5 0
4 2
2 0
0 3
4355 0
70 109
5 0
3 0
2 3
1 2
0 2
4365 0
70 111
5 0
3 3
2 0
1 2
0 1
4376 0
70 117
6 0
5 3
4 2
3 3
1 1
0 3
4386 0
70 120
6 2
4 0
3 3
2 0
1 0
0 2
4393 0
71 23
7 3
6 0
5 1
4404 0
71 26
8 3
7 0
6 0
0 0
4414 0
71 28
4 1
3 1
1 0
0 0
4424 0
71 93
5 0
3 3
2 0
0 0
4437 0
71 109
6 1
5 3
4 1
3 3
2 3
1 0
0 0
4445 0
71 110
5 0
4 0
3 3
2 3
0 3
4456 0
71 118
6 0
4 0
3 3
2 0
1 1
0 2
4466 0
71 120
5 3
4 2
3 0
2 3
1 1
0 3
4476 0
71 121
5 0
4 2
3 2
2 0
1 2
0 2
4483 0
72 25
5 1
1 3
0 0
4494 0
72 28
7 0
4 2
3 1
2 1
4505 0
72 39
4 1
3 1
2 2
1 2
0 1
4515 0
72 41
5 1
4 1
3 1
2 3
1 0
4524 0
72 92
5 0
4 0
2 0
1 2
4534 0
72 93
3 0
2 0
1 1
0 3
4545 0
72 110
5 0
4 1
2 0
1 2
0 2
4557 0
72 117
6 0
5 3
4 2
3 2
2 3
1 2
0 3
4566 0
72 119
6 1
4 3
3 3
2 0
1 3
0 2
4576 0
72 120
5 0
4 2
3 0
2 3
1 1
0 2
4586 0
72 121
6 1
5 3
4 2
3 0
2 0
1 1
4594 0
73 26
4 0
3 1
2 2
1 3
4604 0
73 27
6 1
5 1
2 2
0 0
4614 0
73 29
5 2
2 1
1 0
0 0
4625 0
73 40
5 2
3 1
2 3
1 3
0 0
4634 0
73 91
5 0
4 1
2 0
0 3
4647 0
73 119
6 0
5 3
4 2
3 3
2 3
1 1
0 0
4657 0
73 120
6 2
5 0
4 2
3 3
2 3
1 0
0 1
4666 0
73 121
5 3
4 2
3 3
2 1
1 2
0 2
4677 0
73 122
6 1
5 3
4 0
3 3
2 2
1 2
0 2
4684 0
74 27
4 3
3 1
2 2
0 0
4694 0
74 28
5 1
2 1
1 0
0 1
4704 0
74 29
6 0
5 1
4 2
3 1
4715 0
74 109
4 2
3 0
2 0
1 2
0 2
4727 0
74 120
6 2
5 3
4 0
3 1
2 3
1 2
0 2
4736 0
74 122
6 0
5 3
3 0
2 0
1 1
0 2
4744 0
75 27
5 1
4 1
2 2
1 3
4754 0
75 30
4 1
3 1
2 1
1 0
4765 0
75 39
5 1
3 2
2 2
1 1
0 0
4775 0
75 40
5 0
3 1
2 2
1 0
0 1
4786 0
75 57
5 1
4 1
3 1
2 3
1 1
0 1
4794 0
75 90
4 2
3 0
2 0
0 3
4804 0
75 93
5 0
4 2
3 0
2 0
4815 0
75 111
6 1
5 0
2 0
1 1
0 3
4826 0
75 120
6 1
5 0
4 1
3 3
2 3
0 3
4837 0
75 121
6 1
5 1
4 2
3 3
2 3
1 2
0 2
4846 0
75 122
5 3
4 3
3 0
2 3
1 1
0 3
4856 0
75 123
5 0
4 3
3 2
2 0
1 2
0 2
4863 0
76 27
5 1
2 1
1 3
4874 0
76 29
5 1
4 2
2 2
0 0
4885 0
76 39
5 2
4 0
3 1
2 2
1 2
4896 0
76 122
5 0
4 3
3 0
2 3
1 1
0 2
4906 0
76 123
5 0
4 1
3 3
2 0
1 0
0 2
4917 0
76 125
6 0
5 3
4 0
3 2
2 0
1 2
0 2
4924 0
77 28
3 1
2 1
1 3
0 1
4935 0
77 41
6 0
4 0
3 1
2 2
1 1
4946 0
77 122
6 1
5 3
3 0
2 3
1 2
0 3
4956 0
77 123
5 3
4 3
3 3
2 1
1 2
0 2
4967 0
77 124
6 0
5 3
4 0
3 0
2 3
1 1
0 2
4977 0
77 126
6 0
5 3
4 0
3 3
2 0
1 1
0 1
4984 0
78 31
6 0
5 1
4 3
3 1
4993 0
78 36
5 1
3 0
0 0
5005 0
78 39
5 1
4 1
3 2
2 1
0 1
5015 0
78 40
5 1
4 3
3 2
2 2
1 3
5025 0
78 41
6 1
4 1
3 1
2 1
0 1
5033 0
78 57
3 0
2 1
0 3
5043 0
78 60
5 0
3 0
2 1
5054 0
78 89
5 0
4 1
3 0
2 0
5065 0
78 109
5 0
3 2
2 0
1 2
0 3
5075 0
78 111
4 3
3 0
2 0
1 2
0 2
5086 0
78 122
5 3
4 0
3 3
2 0
1 1
0 0
5096 0
78 124
6 1
5 0
3 3
2 0
1 2
0 1
5107 0
78 125
6 0
5 3
4 2
3 2
2 0
1 1
0 3
5117 0
78 127
6 1
5 3
4 3
3 3
2 0
1 3
0 1
5127 0
78 129
6 1
5 0
4 3
3 3
2 3
1 2
0 1
5134 0
79 30
5 1
4 0
2 2
1 3
5144 0
79 31
7 0
6 0
2 1
1 3
5155 0
79 39
4 2
3 1
2 1
1 0
0 1
5166 0
79 56
5 1
4 1
3 2
2 3
1 0
0 0
5174 0
79 91
5 0
3 0
1 1
0 3
5185 0
79 111
5 0
3 3
2 0
1 1
0 0
5197 0
79 127
6 2
5 2
4 2
3 3
2 0
1 3
0 2
5207 0
79 129
6 0
5 3
4 2
3 0
2 3
1 2
0 2
5214 0
80 32
4 1
3 1
1 3
0 0
5225 0
80 39
6 0
5 1
4 0
1 0
0 1
5235 0
80 41
4 0
3 2
2 2
1 3
0 0
5246 0
80 123
6 1
5 0
4 1
2 0
1 2
0 2
5256 0
80 124
5 3
4 2
3 0
2 3
1 2
0 3
5267 0
80 128
6 2
5 3
4 0
3 1
2 0
1 1
0 2
5277 0
80 130
6 2
5 0
4 2
3 3
2 2
1 1
0 2
5287 0
80 131
6 1
5 3
4 2
3 0
2 0
1 0
0 2
5295 0
81 40
6 0
5 1
2 2
1 2
0 1
5305 0
81 41
5 2
4 0
3 1
2 2
0 3
5313 0
81 42
3 0
2 1
0 0
5325 0
81 108
4 0
3 0
2 0
1 2
0 2
5335 0
81 109
5 0
3 3
2 1
1 2
0 2
5345 0
81 110
5 3
4 1
3 0
2 0
0 3
5356 0
81 124
5 0
4 2
3 0
2 3
1 2
0 2
5367 0
81 132
6 3
5 3
4 0
3 0
2 3
1 1
0 2
5374 0
82 33
5 2
2 1
1 3
0 0
5384 0
82 34
5 1
4 3
3 1
1 3
5395 0
82 41
5 1
4 0
3 1
2 2
0 2
5405 0
82 42
5 1
4 0
3 2
2 1
0 1
5416 0
82 56
5 1
4 1
3 3
2 2
1 0
0 1
5424 0
82 88
5 0
4 2
3 0
0 3
5434 0
82 89
4 0
3 0
2 0
0 3
5445 0
82 108
5 0
4 2
3 3
2 0
0 0
5455 0
82 109
4 3
3 3
2 0
1 3
0 3
5465 0
82 110
5 0
4 1
3 0
2 0
0 2
5476 0
82 125
6 0
5 0
4 2
3 3
2 0
1 1
5487 0
82 132
6 1
5 3
4 1
3 3
2 0
1 1
0 0
5494 0
83 32
5 1
2 1
1 3
0 1
5504 0
83 35
5 1
3 1
2 1
1 1
5515 0
83 41
4 3
3 1
2 1
1 0
0 1
5525 0
83 42
5 1
4 0
3 2
1 0
0 0
5535 0
83 108
4 2
3 0
2 0
1 1
0 3
5546 0
83 123
5 3
4 1
3 3
2 0
1 2
0 0
5556 0
83 124
6 2
5 0
4 0
3 3
2 0
0 1
5567 0
83 131
6 0
5 3
4 3
3 0
2 3
1 2
0 2
5577 0
83 132
6 0
5 3
4 1
3 3
2 0
1 3
0 2
5587 0
83 133
6 0
5 3
4 3
3 3
2 0
1 2
0 1
5597 0
83 134
6 0
5 0
4 1
3 3
2 3
1 2
0 2
5604 0
84 34
4 1
3 1
2 1
1 3
5614 0
84 35
4 0
3 1
1 3
0 0
5625 0
84 40
5 2
3 2
2 1
1 3
0 0
5636 0
84 56
6 0
4 0
3 2
2 2
1 1
0 0
5646 0
84 123
6 0
5 0
4 3
3 3
1 2
0 2
5657 0
84 133
6 1
5 3
4 3
3 0
2 0
1 0
0 2
5664 0
85 36
4 2
3 1
2 1
0 0
5674 0
85 37
5 1
4 0
2 1
1 0
5685 0
85 42
4 0
3 1
2 2
1 1
0 0
5696 0
85 54
5 1
4 2
3 1
2 3
1 3
0 1
5704 0
85 86
3 0
2 0
1 3
0 3
5715 0
85 109
5 0
4 0
3 3
2 0
1 3
5726 0
85 124
5 3
4 3
3 0
2 0
1 3
0 2
5736 0
85 126
5 0
4 3
3 0
2 3
1 2
0 2
5747 0
85 132
6 2
5 3
4 0
3 3
2 0
1 3
0 1
5757 0
85 134
6 2
5 0
4 0
3 3
2 3
1 2
0 1
5764 0
86 36
5 1
4 1
1 3
0 0
5775 0
86 42
6 0
5 2
3 1
1 2
0 0
5785 0
86 43
6 0
5 2
3 0
2 2
1 3
5796 0
86 55
5 0
4 2
3 1
2 2
1 0
0 1
5805 0
86 107
5 0
4 1
3 0
2 0
1 1
5816 0
86 124
6 0
4 3
3 3
2 0
1 1
0 3
5826 0
86 126
6 1
5 0
4 2
2 0
1 1
0 3
5837 0
86 134
7 0
6 2
5 0
3 3
2 0
1 0
0 2
5847 0
86 135
6 1
5 3
4 0
3 3
2 0
1 1
0 0
5855 0
87 41
6 0
5 1
3 1
1 2
0 1
5865 0
87 43
5 1
4 1
2 2
1 1
0 0
5876 0
87 126
5 3
4 0
3 3
2 0
1 2
0 0
5887 0
87 134
6 1
5 0
4 0
3 3
2 0
1 1
0 1
5897 0
87 135
6 0
5 3
4 0
3 3
2 0
1 3
0 2
5904 0
88 37
4 0
3 1
2 1
1 3
5914 0
88 38
5 1
3 0
2 2
1 3
5925 0
88 43
4 2
3 1
2 1
1 3
0 1
5934 0
88 79
5 0
4 3
2 1
0 3
5945 0
88 106
5 0
4 0
3 0
1 2
0 2
5956 0
88 124
6 0
5 0
3 3
2 0
1 3
0 2
5966 0
88 125
5 0
4 0
3 3
2 0
1 2
0 1
5978 0
88 136
7 0
6 2
5 3
4 0
3 3
2 3
1 0
0 3
5987 0
88 137
6 1
5 3
4 2
3 0
2 3
1 2
0 3
5994 0
89 38
4 3
3 1
2 1
0 0
6004 0
89 41
5 1
3 1
1 3
0 3
6014 0
89 42
4 1
2 1
1 3
0 0
6024 0
89 43
5 1
3 0
2 1
0 1
6035 0
89 107
5 0
4 0
3 3
2 0
0 0
6046 0
89 124
5 0
4 2
3 2
2 0
1 2
0 3
6057 0
89 135
6 0
5 3
4 2
3 3
2 0
1 0
0 3
6068 0
89 136
7 0
6 1
5 3
4 0
3 3
2 0
1 2
0 1
6077 0
89 137
6 0
5 0
4 2
3 3
2 3
1 1
0 3
6085 0
90 43
4 1
3 1
2 2
1 2
0 0
6095 0
90 44
6 0
5 1
4 2
2 1
0 1
6106 0
90 54
5 1
4 1
3 2
2 2
1 0
0 3
6115 0
90 106
5 0
4 2
3 0
1 1
0 3
6125 0
90 107
4 0
3 0
2 0
1 1
0 3
6135 0
90 108
5 0
3 3
2 1
1 1
0 3
6146 0
90 124
6 0
5 0
4 3
2 0
1 2
0 2
6156 0
90 126
5 0
4 2
3 3
2 0
1 1
0 0
6167 0
90 135
6 0
5 0
4 2
3 3
2 0
1 0
0 2
6177 0
90 136
6 3
5 3
4 0
3 0
2 3
1 2
0 2
6187 0
90 138
6 3
5 3
4 0
3 3
2 0
1 2
0 1
6198 0
90 139
7 0
6 3
5 0
4 1
3 3
2 3
1 1
0 2
6204 0
91 43
3 1
2 1
1 2
0 0
6214 0
91 44
5 1
4 3
2 1
1 3
6225 0
91 45
5 1
3 1
2 1
1 0
0 2
6234 0
91 76
5 0
4 0
2 1
0 3
6245 0
91 106
5 0
4 2
2 0
1 3
0 3
6256 0
91 124
5 3
4 2
3 3
2 1
1 2
0 3
6266 0
91 126
6 0
4 2
3 3
2 0
1 2
0 3
6277 0
91 136
6 1
5 3
4 1
3 3
2 0
1 2
0 0
6287 0
91 137
6 2
5 0
4 3
3 3
2 3
1 1
0 0
6298 0
91 139
7 0
6 0
5 3
4 2
3 3
2 3
1 2
0 3
6308 0
91 141
7 0
6 2
5 0
4 2
3 3
2 3
1 3
0 2
6315 0
92 43
5 1
3 1
2 3
1 3
0 0
6325 0
92 45
4 3
3 1
2 1
1 3
0 1
6335 0
92 46
5 1
4 0
3 0
2 2
0 1
6344 0
92 47
3 1
2 1
1 3
0 3
6354 0
92 71
5 0
4 1
3 0
2 1
6364 0
92 72
5 0
4 0
3 0
0 0
6374 0
92 73
5 1
3 0
1 2
0 3
6385 0
92 104
5 0
3 3
2 0
1 3
0 0
6395 0
92 105
5 0
4 3
3 3
2 1
1 2
6406 0
92 124
5 0
4 2
3 3
2 1
1 2
0 2
6416 0
92 125
6 0
5 3
3 0
2 0
1 1
0 3
6427 0
92 136
6 0
5 3
4 0
3 0
2 0
1 1
0 2
6437 0
92 137
6 3
5 0
4 2
3 2
2 0
1 2
0 2
6447 0
92 138
6 2
5 3
4 2
3 0
2 0
1 2
0 1
6457 0
92 139
6 1
5 3
4 3
3 0
2 3
1 2
0 3
6468 0
92 143
7 0
6 1
5 0
4 2
3 3
2 3
1 1
0 3
6475 0
93 44
5 0
3 1
2 2
1 0
0 0
6484 0
93 45
4 0
2 1
1 3
0 0
6494 0
93 49
3 0
2 1
1 0
0 0
6504 0
93 74
4 3
3 0
2 1
0 3
6515 0
93 105
5 0
4 2
3 3
2 1
0 3
6526 0
93 125
6 0
5 0
3 0
2 0
1 1
0 2
6536 0
93 126
5 0
4 3
3 2
2 0
1 2
0 3
6547 0
93 137
6 0
5 3
4 3
3 3
2 0
1 0
0 3
6557 0
93 139
6 0
5 0
4 3
3 3
2 3
1 1
0 3
6568 0
93 142
7 0
6 2
5 3
4 0
3 0
2 3
1 2
0 2
6578 0
93 144
7 0
6 2
5 3
4 0
3 3
2 0
1 2
0 1
6585 0
94 44
5 2
3 0
2 2
1 3
0 0
6595 0
94 46
4 0
3 1
2 2
1 2
0 0
6605 0
94 47
5 1
4 2
2 1
1 3
0 1
6616 0
94 54
5 1
4 2
3 1
2 3
1 0
0 0
6626 0
94 56
6 0
4 0
3 2
2 1
1 3
0 1
6634 0
94 61
5 0
4 0
2 1
0 0
6644 0
94 62
5 1
2 1
1 2
0 3
6654 0
94 73
5 0
2 1
1 3
0 3
6665 0
94 104
5 0
4 3
2 0
1 2
0 0
6676 0
94 125
5 0
4 3
3 0
2 3
1 1
0 3
6686 0
94 126
5 0
4 1
3 3
2 0
1 0
0 3
6697 0
94 137
6 0
5 0
4 3
3 3
2 0
1 0
0 2
6708 0
94 142
7 0
6 3
5 0
4 0
3 3
2 3
1 1
0 2
6715 0
95 46
6 0
3 0
2 2
1 0
0 0
6725 0
95 48
5 0
4 1
3 1
2 2
0 0
6734 0
95 53
4 1
3 0
2 1
0 0
6744 0
95 54
5 1
4 0
2 1
0 3
6756 0
95 55
5 2
4 2
3 2
2 1
1 3
0 0
6766 0
95 56
6 0
4 0
3 0
2 2
1 0
0 1
6774 0
95 58
4 0
3 0
2 1
1 3
6784 0
95 69
5 0
3 0
1 3
0 0
6795 0
95 102
5 0
4 0
3 3
2 1
1 2
6806 0
95 126
5 3
4 3
3 3
2 1
1 2
0 3
6817 0
95 138
6 2
5 0
4 0
3 3
2 3
1 0
0 3
6827 0
95 139
6 1
5 3
4 0
3 3
2 0
1 2
0 0
6838 0
95 143
7 0
6 2
5 0
4 2
3 2
2 0
1 2
0 2
6845 0
96 46
6 0
5 1
3 1
2 1
0 2
6855 0
96 47
5 1
4 1
2 2
1 2
0 0
6866 0
96 55
5 2
4 2
3 0
2 2
1 0
0 0
6876 0
96 56
6 0
5 1
4 1
2 2
1 3
0 2
6884 0
96 59
4 3
3 0
2 1
0 0
6894 0
96 62
5 1
3 0
1 3
0 3
6905 0
96 103
5 0
3 1
2 0
1 2
0 3
6916 0
96 123
5 0
4 0
3 2
2 0
1 2
0 3
6927 0
96 138
6 1
5 0
4 0
3 3
2 0
1 2
0 1
6937 0
96 139
6 2
5 0
4 2
3 3
2 3
1 2
0 0
6947 0
96 140
6 2
5 3
4 3
3 0
2 0
1 2
0 1
6958 0
96 146
7 1
6 0
5 3
4 0
3 0
2 3
1 1
0 3
6965 0
97 46
5 1
4 1
3 1
2 1
1 1
6975 0
97 48
5 1
4 0
3 0
2 2
1 0
6985 0
97 49
5 1
4 3
3 2
2 1
0 0
6995 0
97 101
5 0
4 0
2 0
1 2
0 0
7006 0
97 123
6 0
5 0
3 3
2 0
1 0
0 3
7016 0
97 125
5 0
4 0
3 3
2 0
1 1
0 0
7027 0
97 138
6 3
5 0
4 3
3 0
2 3
1 1
0 2
7037 0
97 140
6 3
5 0
4 3
3 3
2 0
1 1
0 1
7045 0
98 48
6 3
5 1
4 1
1 0
0 0
7055 0
98 49
5 1
4 3
2 1
1 3
0 1
7066 0
98 55
5 0
4 1
3 1
2 2
1 3
0 1
7076 0
98 56
5 1
4 3
3 1
2 3
1 0
0 0
7086 0
98 123
5 3
4 0
3 3
2 1
1 2
0 3
7096 0
98 124
6 0
5 0
4 2
3 3
1 2
0 3
7106 0
98 125
6 0
4 0
3 3
2 0
1 2
0 3
7117 0
98 139
6 0
5 3
4 2
3 3
2 0
1 3
0 3
7127 0
98 140
7 0
6 2
4 2
3 3
2 0
1 2
0 3
7135 0
99 48
6 0
5 1
4 3
2 1
1 0
7145 0
99 51
5 0
4 0
3 1
2 2
0 0
7155 0
99 99
4 3
3 0
2 0
1 2
0 0
7165 0
99 100
5 0
4 1
3 0
2 0
1 3
7176 0
99 123
5 0
4 0
3 3
2 1
1 2
0 2
7186 0
99 124
6 0
5 3
4 3
3 0
2 0
0 3
7196 0
99 125
5 3
4 2
3 0
2 0
1 3
0 3
7207 0
99 139
6 0
5 0
4 2
3 3
2 0
1 3
0 2
7217 0
99 140
6 2
5 0
4 0
3 2
2 0
1 1
0 3
7228 0
99 149
7 0
6 3
5 3
4 3
3 3
2 3
1 2
0 3
7235 0
100 49
5 1
3 1
2 1
1 3
0 2
7245 0
100 50
5 1
4 0
2 2
1 2
0 0
7255 0
100 51
5 2
3 0
2 1
1 0
0 0
7266 0
100 57
5 2
4 3
3 0
2 2
1 0
0 0
7276 0
100 123
5 1
4 2
3 3
2 0
1 2
0 3
7286 0
100 125
5 0
4 2
3 0
2 0
1 3
0 2
7297 0
100 139
6 2
5 0
4 1
3 3
2 3
1 3
0 3
7307 0
100 140
6 2
5 2
4 0
3 3
2 0
1 2
0 3
7317 0
100 141
6 2
5 0
4 3
3 3
2 3
1 2
0 0
7328 0
100 149
7 0
6 3
5 0
4 3
3 3
2 3
1 2
0 2
7335 0
101 50
5 1
3 0
2 1
1 0
0 1
7345 0
101 53
4 1
3 0
2 2
1 3
0 0
7356 0
101 56
5 1
4 3
3 0
2 2
1 0
0 1
7365 0
101 99
5 0
4 2
2 1
1 2
0 3
7376 0
101 122
6 2
5 0
4 0
2 0
1 0
0 3
7386 0
101 123
5 0
4 2
3 3
2 1
1 1
0 3
7397 0
101 139
6 1
5 0
4 3
3 2
2 0
1 2
0 3
7407 0
101 140
6 0
5 3
4 0
3 0
2 0
1 2
0 2
7418 0
101 148
7 1
6 2
5 3
4 3
3 0
2 0
1 3
0 1
7428 0
101 150
7 1
6 0
5 3
4 1
3 3
2 0
1 2
0 0
7435 0
102 54
5 1
4 1
2 1
1 1
0 0
7445 0
102 55
5 2
4 1
3 0
2 1
0 0
7456 0
102 56
6 0
5 1
4 0
3 1
2 3
1 3
7466 0
102 57
5 1
4 0
3 2
2 2
1 2
0 0
7477 0
102 70
6 0
5 0
4 1
3 1
2 2
1 1
0 1
7485 0
102 95
5 0
3 0
2 2
1 2
0 3
7495 0
102 96
4 0
3 0
2 0
1 2
0 0
7505 0
102 97
5 0
3 3
2 1
1 2
0 0
7516 0
102 123
5 0
4 1
3 0
2 3
1 2
0 3
7527 0
102 139
6 1
5 0
4 1
3 3
2 0
1 0
0 3
7537 0
102 140
6 2
5 0
4 0
3 3
2 1
1 1
0 2
7547 0
102 141
6 0
5 3
4 3
3 3
2 0
1 3
0 3
7555 0
103 54
5 1
4 1
3 0
2 1
0 1
7565 0
103 55
5 1
4 3
3 0
2 2
1 3
7576 0
103 56
6 0
4 0
3 2
2 1
1 0
0 0
7586 0
103 57
6 0
5 0
4 0
3 1
2 2
1 0
7595 0
103 98
5 0
4 1
3 0
2 0
0 0
7606 0
103 121
5 0
4 1
3 0
2 0
1 3
0 2
7616 0
103 122
5 0
4 3
3 0
2 0
1 2
0 1
7626 0
103 123
6 2
5 0
4 3
3 0
2 0
1 0
7637 0
103 139
6 1
5 3
4 3
3 3
2 1
1 2
0 3
7647 0
103 140
6 0
5 3
4 2
3 0
2 0
1 1
0 3
7657 0
103 141
6 0
5 0
4 3
3 3
2 0
1 3
0 2
7668 0
103 150
7 0
6 2
5 0
4 0
3 3
2 3
1 1
0 3
7675 0
104 54
5 1
4 1
3 0
1 0
0 0
7685 0
104 58
5 1
4 0
3 1
2 0
0 0
7696 0
104 59
5 0
4 2
3 1
2 2
1 0
0 0
7705 0
104 92
5 0
4 0
3 0
2 1
1 1
7715 0
104 95
5 0
4 1
2 1
1 2
0 3
7726 0
104 121
6 0
5 0
4 3
3 0
2 0
1 1
7736 0
104 123
6 2
4 3
3 3
2 1
1 2
0 3
7747 0
104 139
6 1
5 0
4 3
3 3
2 1
1 2
0 2
7757 0
104 140
6 0
5 0
4 2
3 0
2 0
1 1
0 2
7767 0
104 141
6 2
5 0
4 1
3 2
2 0
1 2
0 3
7778 0
104 150
7 1
6 2
5 1
4 2
3 0
2 0
1 1
0 2
7788 0
104 151
7 0
6 2
5 3
4 1
3 0
2 0
1 2
0 2
7798 0
104 152
7 1
6 1
5 0
4 1
3 3
2 1
1 2
0 2
7805 0
105 56
4 0
3 0
2 2
1 3
0 0
7816 0
105 57
5 1
4 3
3 1
2 1
1 1
0 1
7825 0
105 59
5 1
3 1
2 1
1 1
0 3
7835 0
105 60
5 1
4 2
3 0
2 1
1 0
7845 0
105 91
5 0
4 1
3 0
1 2
0 0
7856 0
105 120
5 3
4 0
3 0
2 0
1 2
0 0
7866 0
105 123
6 0
5 0
3 3
2 0
1 2
0 0
7877 0
105 139
7 0
6 2
4 0
3 3
2 0
1 2
0 3
7887 0
105 140
6 0
5 0
4 0
3 3
2 3
1 2
0 3
7898 0
105 150
7 1
6 0
5 3
4 0
3 0
2 3
1 2
0 3
7908 0
105 151
7 0
6 3
5 0
4 1
3 3
2 0
1 1
0 2
7918 0
105 153
7 0
6 2
5 3
4 2
3 3
2 0
1 3
0 3
7925 0
106 57
5 1
4 0
2 1
1 1
0 0
7935 0
106 58
4 1
3 1
2 1
1 3
0 3
7945 0
106 60
4 3
3 1
2 1
1 2
0 0
7955 0
106 61
5 0
4 1
3 1
2 1
1 3
7965 0
106 62
5 0
4 0
3 1
1 3
0 0
7975 0
106 94
4 2
3 0
2 1
1 2
0 3
7986 0
106 122
6 1
5 0
3 0
2 0
1 0
0 3
7997 0
106 139
6 2
5 0
4 3
3 0
2 0
1 1
0 1
8007 0
106 140
6 3
5 3
4 3
3 0
2 0
1 3
0 2
8018 0
106 153
7 0
6 2
5 0
4 2
3 3
2 0
1 3
0 2
8026 0
107 58
6 0
5 1
3 2
2 1
1 1
0 0
8036 0
107 59
6 0
5 0
3 1
2 1
1 0
0 1
8045 0
107 60
4 1
3 0
2 1
1 0
0 0
8055 0
107 61
5 1
4 0
2 1
1 0
0 3
8065 0
107 63
5 0
4 2
3 1
2 1
0 0
8075 0
107 64
4 3
3 1
2 1
1 3
0 3
8086 0
107 120
6 2
4 0
3 3
2 1
1 2
0 3
8096 0
107 121
5 0
4 3
3 3
2 0
1 3
0 0
8106 0
107 122
5 1
4 0
3 3
2 0
1 2
0 3
8117 0
107 140
6 1
5 0
4 2
3 0
2 3
1 2
0 3
8127 0
107 141
6 2
5 0
4 1
3 3
2 1
1 2
0 2
8138 0
107 152
7 1
6 1
5 0
4 0
3 0
2 0
1 0
0 2
8146 0
108 59
5 2
4 0
3 1
2 1
1 0
0 3
8156 0
108 60
6 0
5 1
4 2
3 1
1 0
0 3
8166 0
108 61
5 0
4 3
3 1
2 2
1 0
0 0
8175 0
108 63
6 0
4 1
3 0
2 1
1 3
8185 0
108 66
4 3
3 0
2 1
1 0
0 0
8195 0
108 81
5 0
4 0
3 0
2 1
1 0
8205 0
108 82
5 1
4 3
3 0
2 0
0 0
8215 0
108 84
5 0
4 1
2 1
1 3
0 3
8225 0
108 86
5 0
4 3
2 1
1 2
0 0
8236 0
108 120
5 0
4 2
3 0
2 0
1 1
0 0
8247 0
108 139
6 3
5 3
4 0
3 0
2 3
1 2
0 3
8258 0
108 153
7 1
6 0
5 0
4 2
3 3
2 0
1 1
0 0
8268 0
108 154
7 0
6 2
5 3
4 0
3 0
2 0
1 2
0 2
8276 0
109 59
5 1
4 0
3 1
2 1
1 0
0 2
8286 0
109 60
5 2
4 2
3 1
2 1
1 2
0 0
8296 0
109 61
5 2
4 3
3 0
2 2
1 3
0 0
8305 0
109 62
5 1
4 3
3 0
2 1
1 0
8315 0
109 66
5 1
4 2
2 1
1 3
0 3
8325 0
109 69
5 0
3 0
2 2
1 3
0 0
8335 0
109 76
6 0
4 1
3 0
2 1
0 3
8345 0
109 79
4 2
3 0
2 1
1 2
0 0
8355 0
109 80
5 0
4 1
3 0
1 3
0 0
8366 0
109 118
5 3
4 2
3 0
2 1
1 2
0 3
8376 0
109 120
6 0
4 2
3 0
2 0
1 2
0 3
8387 0
109 139
6 3
5 0
4 0
3 0
2 3
1 2
0 2
8397 0
109 140
7 0
6 2
5 0
4 3
3 3
1 2
0 3
8407 0
109 141
6 2
5 3
4 0
3 0
2 0
1 0
0 3
8418 0
109 153
7 1
6 2
5 0
4 2
3 3
2 1
1 3
0 2
8428 0
109 154
7 0
6 3
5 0
4 0
3 3
2 0
1 1
0 2
8436 0
110 60
5 1
4 3
3 0
2 2
1 3
0 1
8446 0
110 63
6 0
4 3
3 0
2 2
1 0
0 0
8455 0
110 75
5 1
4 2
3 0
2 1
1 2
8465 0
110 83
4 2
3 0
2 1
1 3
0 3
8475 0
110 85
5 0
3 1
2 1
1 2
0 3
8486 0
110 118
5 0
4 0
3 3
2 0
1 3
0 0
8497 0
110 139
6 0
5 3
4 0
3 0
2 0
1 1
0 3
8507 0
110 140
6 3
5 0
4 2
3 2
2 0
1 2
0 3
8517 0
110 141
6 2
5 0
4 0
3 0
2 0
1 0
0 2
8528 0
110 154
7 0
6 2
5 3
4 2
3 0
2 0
1 1
0 3
8538 0
110 155
7 0
6 2
5 0
4 3
3 3
2 0
1 3
0 2
8545 0
111 70
6 0
5 1
2 1
1 2
0 3
8557 0
111 71
6 0
5 3
4 1
3 1
2 1
1 3
0 1
8565 0
111 77
5 0
4 0
3 1
2 1
0 3
8575 0
111 79
5 1
4 0
3 0
2 0
0 0
8587 0
111 139
6 0
5 0
4 0
3 0
2 0
1 1
0 2
8597 0
111 140
6 1
5 3
4 3
3 0
2 0
1 3
0 3
8608 0
111 154
7 0
6 2
5 0
4 2
3 0
2 0
1 1
0 2
8618 0
111 155
7 1
6 1
5 0
4 1
3 0
2 3
1 2
0 3
8627 0
112 71
6 0
5 1
4 0
3 3
2 2
1 3
0 1
8636 0
112 116
6 0
4 1
3 0
2 0
1 2
0 3
8646 0
112 117
6 1
5 0
4 3
3 0
2 0
0 0
8656 0
112 119
6 0
5 0
4 1
3 0
2 0
1 2
8667 0
112 138
6 1
5 1
4 3
3 3
2 0
1 2
0 3
8677 0
112 139
7 0
5 0
4 3
3 0
2 0
1 2
0 2
8687 0
112 140
6 0
5 0
4 3
3 3
2 0
1 0
0 3
8698 0
112 153
7 1
6 0
5 0
4 1
3 3
2 0
1 0
0 3
8708 0
112 154
7 0
6 2
5 0
4 0
3 3
2 3
1 2
0 3
8716 0
113 62
5 2
4 3
3 1
2 1
1 2
0 0
8726 0
113 63
5 0
4 2
3 1
2 2
1 3
0 0
8736 0
113 65
5 1
4 1
3 2
2 1
1 2
0 0
8746 0
113 115
5 1
4 3
3 0
2 0
1 1
0 3
8757 0
113 138
6 1
5 0
4 3
3 3
2 1
1 1
0 3
8768 0
113 154
7 1
6 2
5 1
4 2
3 0
2 0
1 2
0 2
8778 0
113 155
7 0
6 3
5 3
4 1
3 3
2 0
1 2
0 3
8786 0
114 65
5 1
4 1
3 0
2 2
1 1
0 0
8796 0
114 66
5 2
4 3
3 1
2 1
1 3
0 3
8806 0
114 115
6 0
5 0
4 3
3 3
2 1
0 3
8816 0
114 116
5 0
4 2
3 3
2 1
1 3
0 3
8826 0
114 117
5 0
4 0
3 1
2 0
1 2
0 3
8837 0
114 138
6 3
5 0
4 1
3 3
2 0
1 1
0 0
8848 0
114 153
7 1
6 0
5 0
4 3
3 3
2 1
1 2
0 2
8858 0
114 154
7 0
6 1
5 0
4 0
3 3
2 0
1 1
0 3
8868 0
114 155
7 0
6 3
5 0
4 1
3 3
2 0
1 2
0 2
8876 0
115 66
5 1
4 3
3 1
2 1
1 3
0 2
8886 0
115 67
6 0
5 0
3 1
2 2
1 2
0 0
8896 0
115 113
6 0
5 0
4 0
2 0
1 3
0 3
8907 0
115 139
6 3
5 3
4 3
3 0
2 0
1 0
0 3
8917 0
115 140
6 0
5 3
4 1
3 0
2 0
1 2
0 3
8928 0
115 154
7 1
6 3
5 0
4 1
3 0
2 3
1 1
0 3
8938 0
115 155
7 1
6 2
5 0
4 0
3 3
2 2
1 2
0 3
8946 0
116 67
5 1
4 3
3 0
2 1
1 0
0 1
8956 0
116 112
5 1
4 0
3 0
2 0
1 1
0 3
8966 0
116 115
6 1
5 0
3 0
2 1
1 1
0 3
8977 0
116 138
6 0
5 0
4 2
3 3
2 0
1 2
0 0
8987 0
116 139
6 3
5 0
4 3
3 0
2 0
1 0
0 2
8998 0
116 154
7 1
6 1
5 1
4 0
3 3
2 0
1 2
0 3
9008 0
116 156
7 1
6 0
5 0
4 0
3 3
2 0
1 0
0 3
9016 0
117 66
5 1
4 0
3 1
2 2
1 2
0 3
9026 0
117 68
5 1
4 0
3 2
2 1
1 2
0 0
9036 0
117 69
5 0
4 0
3 1
2 1
1 3
0 1
9047 0
117 72
6 0
5 1
4 0
3 0
2 2
1 1
0 1
9056 0
117 110
6 0
5 0
4 2
3 0
2 0
0 0
9066 0
117 111
6 0
4 3
3 0
2 0
1 3
0 3
9076 0
117 112
5 0
4 1
3 3
2 1
1 3
0 3
9086 0
117 114
5 0
4 3
3 3
2 1
1 2
0 0
9097 0
117 137
6 1
5 0
4 2
3 0
2 0
1 0
0 3
9107 0
117 138
7 0
6 3
5 3
3 0
2 0
1 2
0 3
9117 0
117 139
6 3
5 0
4 0
3 2
2 0
1 2
0 3
9128 0
117 154
7 1
6 0
5 0
4 2
3 0
2 3
1 2
0 3
9136 0
118 68
5 1
4 0
3 0
2 2
1 1
0 0
9146 0
118 69
6 0
5 1
4 3
3 1
2 0
0 0
9156 0
118 70
5 1
4 2
3 1
2 0
1 3
0 0
9167 0
118 71
6 0
5 1
4 2
3 1
2 2
1 1
0 3
9177 0
118 74
6 0
5 0
4 2
3 1
2 1
1 0
0 1
9186 0
118 109
5 0
4 3
3 0
2 1
1 3
0 2
9197 0
118 136
6 2
5 0
4 1
3 3
2 0
1 3
0 0
9207 0
118 138
6 3
5 0
4 0
3 0
2 3
1 1
0 3
9218 0
118 155
7 2
6 0
5 3
4 3
3 0
2 0
1 2
0 1
9228 0
118 156
7 1
6 1
5 0
4 2
3 0
2 0
1 0
0 3
9236 0
119 69
7 0
6 0
4 0
2 1
1 3
0 3
9246 0
119 70
5 0
4 2
3 1
2 1
1 0
0 0
9256 0
119 71
6 0
4 0
3 0
2 1
1 3
0 1
9266 0
119 72
5 1
4 0
3 0
2 2
1 0
0 3
9276 0
119 73
6 0
5 0
4 1
2 1
1 0
0 0
9286 0
119 108
5 0
4 0
3 0
2 0
1 0
0 0
9296 0
119 112
6 1
5 0
4 2
3 0
2 1
0 3
9307 0
119 136
6 3
5 0
4 0
3 0
2 0
1 0
0 2
9317 0
119 137
6 3
5 3
4 2
3 0
2 0
1 2
0 0
9328 0
119 155
7 0
6 1
5 0
4 1
3 3
2 0
1 2
0 3
9338 0
119 156
7 2
6 1
5 0
4 2
3 3
2 0
1 0
0 0
9346 0
120 70
5 2
4 2
3 0
2 1
1 3
0 0
9356 0
120 72
6 0
5 1
4 1
3 3
2 1
0 0
9366 0
120 73
5 1
4 2
3 0
2 2
1 2
0 0
9377 0
120 74
6 0
5 0
4 1
3 1
2 2
1 1
0 0
9386 0
120 75
6 1
5 1
4 1
2 1
1 3
0 3
9396 0
120 106
5 3
4 0
3 0
2 1
1 3
0 3
9406 0
120 107
6 0
5 0
4 2
3 0
1 3
0 3
9416 0
120 108
6 0
4 0
3 0
2 0
1 3
0 3
9426 0
120 109
5 0
4 0
3 0
2 2
1 2
0 3
9437 0
120 135
6 0
5 3
4 3
3 0
2 0
1 3
0 3
9447 0
120 136
6 3
5 0
4 2
3 0
2 0
1 2
0 1
9457 0
120 137
6 0
5 0
4 3
3 0
2 3
1 2
0 3
9467 0
120 138
6 0
5 0
4 1
3 3
2 0
1 3
0 3
9478 0
120 155
7 1
6 3
5 0
4 0
3 0
2 0
1 0
0 2
9488 0
120 156
7 1
6 3
5 3
4 2
3 0
2 0
1 2
0 0
9499 0
120 165
8 0
7 0
6 2
5 0
4 2
3 0
2 0
1 1
0 2
9506 0
121 72
6 0
4 2
3 0
2 1
1 0
0 0
9517 0
121 73
6 1
5 2
4 1
3 1
2 1
1 3
0 3
9526 0
121 74
6 0
5 0
3 1
2 1
1 1
0 0
9536 0
121 75
6 0
5 1
4 1
3 0
2 1
1 1
9546 0
121 76
6 0
5 1
4 0
3 0
1 1
0 0
9556 0
121 77
5 1
4 2
3 0
2 2
1 3
0 3
9566 0
121 103
5 0
4 3
3 3
2 1
1 3
0 0
9576 0
121 104
5 1
4 0
3 3
2 1
1 2
0 3
9586 0
121 106
5 0
4 0
3 0
2 1
1 3
0 2
9596 0
121 109
6 1
5 0
4 0
3 0
2 1
1 2
9607 0
121 135
6 0
5 0
4 3
3 0
2 0
1 3
0 2
9617 0
121 136
6 1
5 0
4 1
3 3
2 1
1 2
0 3
9628 0
121 155
7 1
6 3
5 0
4 2
3 0
2 0
1 2
0 1
9638 0
121 156
7 1
6 0
5 0
4 3
3 0
2 3
1 2
0 3
9647 0
122 73
6 0
5 1
4 1
3 0
2 2
1 2
0 1
9656 0
122 74
6 0
5 2
3 0
2 1
1 2
0 0
9667 0
122 75
6 0
5 1
4 3
3 2
2 1
1 1
0 0
9676 0
122 77
6 1
5 1
4 2
3 0
2 1
1 3
9686 0
122 78
6 0
5 0
3 1
2 1
1 0
0 3
9696 0
122 102
5 0
4 2
3 0
2 1
1 1
0 0
9706 0
122 104
6 2
4 2
3 0
2 1
1 3
0 3
9716 0
122 105
6 0
5 1
4 3
3 0
2 0
0 3
9726 0
122 106
5 1
4 2
3 0
2 0
1 3
0 3
9737 0
122 135
6 2
5 0
4 1
3 1
2 0
1 2
0 3
9747 0
122 136
6 2
5 0
4 0
3 0
2 3
1 3
0 3
9758 0
122 154
7 0
6 2
5 3
4 1
3 0
2 0
1 2
0 3
9768 0
122 155
7 1
6 1
5 0
4 1
3 3
2 1
1 2
0 3
9778 0
122 156
7 2
6 0
5 0
4 3
3 3
2 3
1 2
0 0
9789 0
122 167
8 0
7 1
6 3
5 0
4 2
3 0
2 0
1 0
0 2
9797 0
123 74
6 0
5 2
4 0
3 1
2 0
1 3
0 0
9806 0
123 75
6 3
4 3
3 0
2 2
1 3
0 0
9816 0
123 76
6 0
5 0
4 0
2 1
1 0
0 0
9826 0
123 80
5 0
4 1
3 0
2 2
1 3
0 0
9836 0
123 81
6 0
5 1
3 0
2 2
1 2
0 3
9846 0
123 83
6 0
5 0
4 0
3 1
2 1
1 2
9856 0
123 84
5 0
4 0
3 1
2 1
1 0
0 3
9866 0
123 102
6 0
4 2
3 0
2 1
1 2
0 3
9876 0
123 105
6 0
5 0
4 2
3 0
2 1
1 2
9887 0
123 134
6 0
5 0
4 0
3 0
2 3
1 2
0 3
9898 0
123 154
7 0
6 2
5 0
4 1
3 0
2 0
1 2
0 2
9908 0
123 155
7 1
6 2
5 0
4 0
3 0
2 3
1 3
0 3
9918 0
123 156
7 2
6 2
5 3
4 2
3 0
2 2
1 2
0 3
9927 0
124 74
6 0
5 3
4 0
3 1
2 1
1 0
0 0
9937 0
124 77
6 0
5 0
4 0
3 1
2 2
1 1
0 0
9946 0
124 78
6 0
5 1
3 0
2 1
1 3
0 2
9956 0
124 79
5 1
4 0
3 0
2 1
1 2
0 1
9966 0
124 81
6 3
5 0
4 2
3 1
2 1
1 3
9976 0
124 82
6 0
4 0
3 0
2 1
1 1
0 0
9986 0
124 84
5 2
4 0
3 0
2 1
1 3
0 3
9996 0
124 85
5 0
4 2
3 1
2 1
1 2
0 0
10006 0
124 86
5 0
4 3
3 0
2 2
1 3
0 0
10016 0
124 87
5 1
4 0
3 0
2 2
1 2
0 3
10026 0
124 88
6 0
5 0
4 1
2 1
1 2
0 0
10036 0
124 89
5 1
4 0
3 3
2 1
1 2
0 0
10046 0
124 90
5 0
4 0
3 0
2 1
1 3
0 1
10056 0
124 91
6 1
4 0
3 0
2 1
1 2
0 0
10066 0
124 96
5 0
4 1
3 1
2 1
1 2
0 3
10076 0
124 97
6 2
5 1
4 0
2 1
1 2
0 3
10086 0
124 98
5 0
4 0
3 0
2 2
1 3
0 3
10096 0
124 100
5 0
4 0
3 3
2 1
1 3
0 0
10106 0
124 101
6 2
5 1
3 0
2 1
1 1
0 3
10117 0
124 135
6 2
5 3
4 1
3 0
2 1
1 2
0 3
10127 0
124 136
6 1
5 0
4 0
3 0
2 0
1 0
0 3
10138 0
124 154
7 2
6 2
5 0
4 1
3 2
2 0
1 2
0 0
10148 0
124 156
7 0
6 2
5 0
4 2
3 3
2 0
1 3
0 3
10157 0
125 75
6 3
5 0
4 2
3 1
2 2
1 0
0 0
10167 0
125 76
6 1
5 2
4 0
3 1
2 1
1 3
0 3
10177 0
125 77
6 0
5 2
4 0
3 0
2 2
1 2
0 0
10186 0
125 80
6 3
4 2
3 0
2 1
1 0
0 0
10196 0
125 81
5 1
4 3
3 3
2 1
1 3
0 0
10206 0
125 84
5 1
4 0
3 0
2 1
1 3
0 2
10216 0
125 86
6 0
4 0
3 0
2 1
1 0
0 3
10226 0
125 87
6 1
5 1
4 0
3 0
2 1
1 2
10236 0
125 88
6 0
5 0
4 3
3 1
2 1
0 3
10246 0
125 89
5 0
4 2
3 1
2 1
1 3
0 3
10256 0
125 90
6 0
5 1
4 3
3 0
2 0
0 0
10266 0
125 91
5 1
4 2
3 0
2 0
1 3
0 0
10276 0
125 92
6 0
5 0
4 1
2 1
1 3
0 3
10286 0
125 93
5 1
4 0
3 3
2 1
1 3
0 3
10296 0
125 94
6 0
5 0
4 3
2 1
1 2
0 0
10306 0
125 98
5 0
4 1
3 0
2 1
1 1
0 0
10316 0
125 100
6 2
4 1
3 0
2 1
1 3
0 3
10327 0
125 133
6 2
5 0
4 2
3 3
2 1
1 2
0 0
10337 0
125 135
6 2
5 0
4 1
3 0
2 1
1 2
0 2
10348 0
125 154
7 0
6 0
5 0
4 2
3 3
2 0
1 2
0 3
10358 0
125 155
7 1
6 1
5 0
4 0
3 0
2 0
1 0
0 3
10368 0
125 156
7 1
6 3
5 0
4 1
3 0
2 0
1 3
0 2
10379 0
125 169
8 0
7 1
6 3
5 3
4 3
3 0
2 0
1 0
0 3
10387 0
126 76
6 0
5 1
4 0
3 0
2 2
1 2
0 1
10397 0
126 78
6 1
5 2
4 0
3 0
2 1
1 0
0 0
10406 0
126 87
6 0
4 2
3 0
2 1
1 2
0 0
10416 0
126 88
6 0
5 0
4 1
3 0
1 3
0 0
10426 0
126 91
5 0
4 2
3 0
2 1
1 0
0 0
10437 0
126 132
6 0
5 0
4 2
3 0
2 0
1 0
0 3
10448 0
126 153
7 2
6 0
5 3
4 3
3 1
2 0
1 2
0 3
10458 0
126 155
7 1
6 2
5 1
4 3
3 0
2 0
1 1
0 3
10469 0
126 170
8 0
7 1
6 0
5 0
4 1
3 0
2 0
1 2
0 2
10477 0
127 77
6 0
5 1
4 2
3 2
2 1
1 2
0 0
10487 0
127 78
6 0
5 0
4 2
3 1
2 1
1 3
0 1
10497 0
127 79
6 0
5 1
4 1
3 1
2 1
1 2
0 2
10507 0
127 131
6 3
5 0
4 1
3 3
2 0
1 3
0 0
10517 0
127 133
7 0
6 3
5 0
4 0
2 0
1 2
0 3
10528 0
127 153
7 2
6 0
5 0
4 3
3 1
2 0
1 2
0 2
10538 0
127 154
7 0
6 2
5 0
4 3
3 3
2 0
1 2
0 0
10548 0
127 155
7 1
6 3
5 3
4 0
3 0
2 0
1 2
0 0
10557 0
128 80
6 0
5 1
4 1
3 0
2 1
1 1
0 1
10567 0
128 132
6 2
5 0
4 3
3 0
2 0
1 0
0 0
10577 0
128 133
6 1
5 0
4 1
3 0
2 0
1 2
0 0
10588 0
128 153
7 0
6 3
5 3
4 2
3 0
2 0
1 2
0 3
10598 0
128 154
7 1
6 0
5 0
4 2
3 3
2 1
1 2
0 3
10608 0
128 155
7 2
6 2
5 3
4 3
3 0
2 1
1 3
0 2
10617 0
129 78
6 0
5 0
4 1
3 1
2 2
1 2
0 0
10627 0
129 79
6 1
5 1
4 1
3 1
2 0
1 3
0 0
10637 0
129 81
6 0
5 1
4 2
3 0
2 2
1 0
0 3
10647 0
129 129
6 3
5 0
4 0
3 0
2 1
1 1
0 2
10657 0
129 130
6 0
5 0
4 3
3 0
2 0
1 1
0 0
10667 0
129 131
7 0
6 3
4 3
3 0
2 0
1 2
0 3
10678 0
129 153
7 0
6 3
5 0
4 2
3 0
2 0
1 2
0 2
10688 0
129 154
7 2
6 2
5 3
4 0
3 0
2 0
1 0
0 0
10699 0
129 169
8 0
7 0
6 2
5 0
4 2
3 0
2 0
1 2
0 2
10709 0
129 170
8 0
7 2
6 2
5 1
4 2
3 0
2 0
1 1
0 2
10717 0
130 81
6 0
5 3
4 3
3 1
2 1
1 3
0 0
10727 0
130 128
6 0
5 3
4 3
3 0
2 1
1 2
0 3
10737 0
130 129
6 3
5 1
4 2
3 0
2 0
1 1
0 3
10747 0
130 130
6 2
5 0
4 3
3 0
2 1
1 3
0 2
10757 0
130 131
6 0
5 0
4 1
3 3
2 1
1 2
0 3
10768 0
130 154
7 1
6 2
5 0
4 3
3 3
2 1
1 2
0 0
10778 0
130 155
7 1
6 3
5 0
4 2
3 0
2 0
1 1
0 0
10789 0
130 171
8 0
7 1
6 2
5 0
4 2
3 0
2 0
1 1
0 0
10797 0
131 80
6 0
5 0
4 3
3 1
2 1
1 3
0 1
10807 0
131 81
6 2
5 1
4 3
3 0
2 2
1 0
0 0
10817 0
131 83
6 3
5 1
4 2
3 1
2 2
1 2
0 3
10827 0
131 128
6 0
5 0
4 3
3 0
2 1
1 2
0 2
10837 0
131 129
6 2
5 0
4 0
3 0
2 0
1 0
0 0
10847 0
131 130
6 3
5 0
4 1
3 1
2 0
1 2
0 3
10858 0
131 152
7 2
6 2
5 0
4 2
3 1
2 0
1 0
0 3
10868 0
131 153
7 1
6 0
5 0
4 3
3 0
2 0
1 0
0 3
10878 0
131 154
7 2
6 1
5 2
4 0
3 0
2 0
1 2
0 3
10889 0
131 169
8 0
7 1
6 1
5 0
4 3
3 0
2 0
1 0
0 3
10899 0
131 171
8 0
7 1
6 3
5 0
4 2
3 0
2 0
1 3
0 2
10907 0
132 83
6 0
5 1
4 0
3 0
2 1
1 1
0 1
10917 0
132 127
6 0
5 0
4 0
3 0
2 0
1 1
0 0
10927 0
132 129
7 0
6 3
5 0
3 3
2 1
1 2
0 3
10938 0
132 152
7 2
6 1
5 0
4 3
3 0
2 0
1 3
0 1
10948 0
132 153
7 0
6 0
5 0
4 0
3 3
2 0
1 2
0 3
10958 0
132 154
7 2
6 0
5 1
4 0
3 3
2 0
1 1
0 3
10967 0
133 82
6 0
5 1
4 2
3 1
2 1
1 1
0 3
10977 0
133 83
6 0
5 1
4 3
3 0
2 2
1 0
0 3
10987 0
133 84
6 1
5 1
4 3
3 0
2 1
1 3
0 1
10997 0
133 85
6 0
5 1
4 3
3 3
2 1
1 0
0 0
11007 0
133 124
6 2
5 0
4 3
3 3
2 1
1 3
0 0
11017 0
133 125
6 0
5 3
4 0
3 0
2 1
1 2
0 3
11027 0
133 127
6 2
5 0
4 0
3 0
2 1
1 3
0 2
11037 0
133 128
6 1
5 0
4 3
3 0
2 0
1 3
0 0
11048 0
133 151
7 0
6 3
5 0
4 2
3 3
2 0
1 3
0 3
11058 0
133 152
7 2
6 2
5 1
4 2
3 0
2 0
1 3
0 2
11068 0
133 154
7 2
6 0
5 0
4 3
3 3
2 2
1 2
0 3
11079 0
133 169
8 0
7 1
6 3
5 0
4 1
3 0
2 3
1 2
0 3
11087 0
134 85
6 0
5 0
4 0
3 1
2 2
1 3
0 3
11097 0
134 86
6 0
5 1
4 0
3 0
2 3
1 3
0 0
11107 0
134 87
6 0
5 0
4 0
3 2
2 1
1 3
0 0
11117 0
134 122
6 0
5 0
4 3
3 3
2 1
1 2
0 0
11127 0
134 123
6 2
5 0
4 2
3 0
2 1
1 1
0 0
11137 0
134 125
6 0
5 0
4 0
3 0
2 1
1 2
0 2
11147 0
134 126
6 3
5 0
4 2
3 0
2 2
1 2
0 3
11157 0
134 127
6 2
5 1
4 2
3 0
2 0
1 3
0 3
11168 0
134 153
7 0
6 1
5 0
4 2
3 0
2 0
1 2
0 3
11177 0
135 85
6 0
5 0
4 1
3 1
2 1
1 1
0 0
11187 0
135 86
7 0
6 1
5 0
4 0
2 1
1 3
0 0
11197 0
135 87
6 0
5 0
4 0
3 0
2 2
1 0
0 0
11207 0
135 88
6 3
5 0
4 3
3 1
2 1
1 3
0 1
11217 0
135 89
6 0
5 1
4 1
3 1
2 0
1 3
0 3
11227 0
135 90
6 2
5 1
4 1
3 0
2 2
1 2
0 0
11237 0
135 121
6 1
5 0
4 3
3 0
2 1
1 0
0 3
11247 0
135 123
6 3
5 0
4 2
3 0
2 1
1 3
0 2
11257 0
135 125
6 0
5 1
4 2
3 0
2 0
1 2
0 3
11268 0
135 150
7 1
6 3
5 1
4 3
3 0
2 0
1 1
0 3
11278 0
135 151
7 1
6 0
5 0
4 2
3 0
2 0
1 2
0 0
11288 0
135 152
7 0
6 3
5 3
4 0
3 0
2 0
1 2
0 3
11298 0
135 153
7 1
6 0
5 0
4 0
3 3
2 1
1 2
0 3
11307 0
136 86
6 2
5 1
4 1
3 0
2 1
1 3
0 1
11317 0
136 89
6 0
5 0
4 1
3 1
2 1
1 0
0 3
11327 0
136 91
6 0
5 0
4 3
3 1
2 1
1 1
0 0
11337 0
136 119
6 2
5 0
4 0
3 0
2 2
1 3
0 3
11347 0
136 121
6 2
5 0
4 0
3 3
2 1
1 3
0 0
11357 0
136 122
7 0
6 0
5 0
3 0
2 0
1 3
0 3
11367 0
136 124
7 0
5 0
4 0
3 0
2 0
1 2
0 0
11378 0
136 151
7 1
6 3
5 0
4 2
3 3
2 1
1 3
0 3
11388 0
136 152
7 0
6 3
5 0
4 0
3 0
2 0
1 2
0 2
11399 0
136 169
8 0
7 2
6 0
5 0
4 1
3 3
2 0
1 1
0 0
11407 0
137 88
7 0
6 1
5 1
4 0
3 0
2 1
1 2
11417 0
137 89
6 0
5 2
4 1
3 0
2 1
1 3
0 3
11427 0
137 90
6 2
5 1
4 0
3 1
2 0
1 3
0 0
11437 0
137 91
6 0
5 2
4 3
3 0
2 1
1 2
0 0
11447 0
137 92
6 0
5 0
4 2
3 0
2 2
1 3
0 0
11457 0
137 93
6 1
5 1
4 3
3 1
2 1
1 2
0 3
11467 0
137 94
6 0
5 1
4 1
3 3
2 1
1 2
0 0
11477 0
137 116
6 3
5 1
4 3
3 0
2 0
1 1
0 0
11487 0
137 117
6 0
5 0
4 0
3 0
2 2
1 2
0 3
11497 0
137 118
6 1
5 1
4 0
3 0
2 0
1 3
0 3
11507 0
137 119
6 0
5 0
4 0
3 3
2 1
1 2
0 0
11517 0
137 120
7 0
6 1
5 0
3 0
2 1
1 2
0 3
11527 0
137 121
6 3
5 3
4 3
3 0
2 1
1 2
0 0
11537 0
137 122
6 3
5 0
4 1
3 0
2 2
1 2
0 3
11548 0
137 149
7 0
6 1
5 0
4 1
3 0
2 0
1 2
0 3
11558 0
137 150
7 2
6 1
5 0
4 2
3 0
2 0
1 0
0 0
11568 0
137 152
7 2
6 0
5 0
4 2
3 0
2 3
1 3
0 3
11579 0
137 170
8 0
7 1
6 2
5 0
4 0
3 0
2 0
1 1
0 0
11587 0
138 90
6 0
5 1
4 3
3 0
2 1
1 2
0 1
11597 0
138 93
6 1
5 1
4 1
3 0
2 1
1 0
0 3
11607 0
138 94
6 3
5 1
4 0
3 0
2 3
1 3
0 0
11617 0
138 95
6 0
5 2
4 3
3 0
2 1
1 3
0 3
11627 0
138 98
6 0
5 1
4 1
3 3
2 1
1 3
0 3
11637 0
138 99
6 0
5 0
4 0
3 1
2 0
1 3
0 0
11647 0
138 111
6 0
5 0
4 3
3 3
2 1
1 3
0 0
11657 0
138 112
6 0
5 1
4 0
3 3
2 1
1 2
0 3
11667 0
138 114
6 0
5 0
4 0
3 0
2 1
1 3
0 2
11677 0
138 115
6 3
5 0
4 2
3 0
2 2
1 3
0 3
11687 0
138 117
6 3
5 0
4 2
3 3
2 1
1 3
0 0
11697 0
138 118
6 1
5 0
4 0
3 0
2 1
1 0
0 3
11707 0
138 119
6 3
5 0
4 1
3 0
2 1
1 3
0 2
11717 0
138 120
6 3
5 0
4 3
3 0
2 1
1 2
0 1
11728 0
138 149
7 2
6 3
5 3
4 0
3 0
2 0
1 0
0 0
11739 0
138 170
8 0
7 1
6 3
5 0
4 0
3 0
2 0
1 3
0 2
11749 0
138 171
8 0
7 2
6 1
5 0
4 1
3 3
2 1
1 1
0 3
11758 0
139 91
7 0
6 0
5 0
4 1
3 1
2 1
1 3
0 2
11767 0
139 92
6 0
5 1
4 0
3 1
2 0
1 3
0 3
11777 0
139 93
6 2
5 1
4 0
3 0
2 2
1 2
0 0
11787 0
139 94
7 0
6 0
5 0
3 1
2 1
1 2
0 3
11797 0
139 95
6 0
5 1
4 3
3 0
2 1
1 3
0 2
11807 0
139 99
6 1
5 1
4 3
3 0
2 1
1 0
0 3
11817 0
139 101
6 3
5 1
4 2
3 0
2 1
1 3
0 2
11827 0
139 102
6 2
5 0
4 1
3 1
2 1
1 2
0 0
11837 0
139 104
6 0
5 1
4 3
3 3
2 1
1 3
0 3
11847 0
139 105
6 2
5 1
4 2
3 0
2 1
1 0
0 3
11857 0
139 107
7 0
6 0
5 0
3 0
2 0
1 3
0 0
11867 0
139 108
7 0
6 0
5 0
4 3
3 0
2 1
1 2
11877 0
139 110
6 0
5 0
4 2
3 0
2 1
1 1
0 0
11887 0
139 111
6 3
5 1
4 0
3 1
2 0
1 2
0 3
11897 0
139 114
6 0
5 1
4 2
3 0
2 0
1 3
0 3
11907 0
139 115
7 1
6 3
5 0
4 1
3 0
2 1
0 0
11917 0
139 118
6 2
5 1
4 3
3 0
2 1
1 1
0 3
11928 0
139 148
7 1
6 2
5 1
4 3
3 0
2 0
1 3
0 3
11938 0
139 149
7 1
6 3
5 0
4 3
3 3
2 1
1 2
0 0
11948 0
139 150
7 2
6 3
5 3
4 0
3 0
2 2
1 2
0 3
11958 0
139 151
7 1
6 0
5 0
4 1
3 0
2 0
1 3
0 3
11968 0
140 91
7 0
6 0
5 1
4 1
3 3
2 1
1 1
0 0
11977 0
140 95
6 2
5 0
4 2
3 1
2 1
1 3
0 0
11987 0
140 96
7 0
6 0
5 0
3 0
2 1
1 1
0 0
11997 0
140 97
6 2
5 1
4 0
3 0
2 2
1 3
0 3
12007 0
140 99
6 0
5 3
4 0
3 0
2 1
1 3
0 0
12017 0
140 100
7 0
5 0
4 0
3 1
2 1
1 2
0 3
12027 0
140 101
6 1
5 0
4 0
3 1
2 1
1 3
0 3
12037 0
140 102
6 0
5 0
4 0
3 0
2 2
1 2
0 0
12047 0
140 103
6 0
5 1
4 2
3 0
2 1
1 1
0 3
12057 0
140 104
6 3
5 3
4 1
3 0
2 1
1 3
0 0
12067 0
140 106
6 2
5 0
4 1
3 1
2 1
1 3
0 3
12077 0
140 107
6 3
5 0
4 1
3 0
2 2
1 2
0 0
12087 0
140 108
6 2
5 0
4 3
3 1
2 1
1 2
0 0
12097 0
140 111
6 3
5 0
4 0
3 1
2 1
1 1
0 3
12107 0
140 112
6 1
5 1
4 2
3 0
2 1
1 2
0 3
12117 0
140 113
6 3
5 1
4 0
3 0
2 0
1 1
0 0
12127 0
140 114
6 0
5 0
4 2
3 0
2 1
1 0
0 3
12138 0
140 148
7 1
6 2
5 0
4 3
3 0
2 1
1 0
0 3
12148 0
140 149
7 1
6 1
5 0
4 1
3 0
2 1
1 2
0 3
12158 0
140 150
7 0
6 3
5 0
4 0
3 3
2 0
1 3
0 3
12169 0
140 171
8 0
7 2
6 1
5 0
4 0
3 0
2 0
1 2
0 1
12178 0
141 91
7 0
6 1
5 1
4 2
3 0
2 2
1 3
0 3
12187 0
141 100
6 3
5 0
4 2
3 0
2 2
1 3
0 0
12197 0
141 101
6 2
5 1
4 3
3 1
2 1
1 2
0 3
12207 0
141 102
6 3
5 1
4 1
3 3
2 1
1 2
0 0
12217 0
141 103
6 1
5 0
4 0
3 0
2 1
1 0
0 0
12227 0
141 104
6 0
5 0
4 1
3 1
2 1
1 2
0 3
12237 0
141 105
6 3
5 1
4 3
3 0
2 0
1 0
0 0
12247 0
141 106
6 0
5 0
4 0
3 0
2 2
1 3
0 3
12257 0
141 108
6 0
5 0
4 0
3 3
2 1
1 3
0 0
12267 0
141 110
6 3
5 3
4 3
3 0
2 1
1 3
0 0
12278 0
141 147
7 2
6 0
5 0
4 3
3 0
2 0
1 3
0 1
12288 0
141 148
7 0
6 2
5 0
4 0
3 3
2 1
1 2
0 3
12299 0
141 170
8 0
7 2
6 0
5 3
4 0
3 3
2 1
1 2
0 3
12308 0
142 146
7 1
6 3
5 0
4 0
3 3
2 1
1 2
0 0
12318 0
142 148
7 2
6 2
5 0
4 1
3 1
2 0
1 2
0 0
12328 0
142 149
7 2
6 0
5 0
4 0
3 0
2 1
1 1
0 2
12339 0
142 168
8 0
7 2
6 2
5 0
4 2
3 3
2 1
1 1
0 0
12348 0
143 95
7 0
6 0
5 1
4 0
3 0
2 0
1 3
0 1
12358 0
143 145
7 1
6 2
5 0
4 0
3 0
2 1
1 0
0 3
12368 0
143 147
7 2
6 0
5 0
4 0
3 0
2 3
1 2
0 0
12378 0
143 148
7 0
6 0
5 0
4 2
3 0
2 0
1 2
0 3
12389 0
143 168
8 0
7 1
6 3
5 0
4 3
3 0
2 0
1 1
0 0
12399 0
143 170
8 0
7 1
6 1
5 0
4 0
3 0
2 0
1 3
0 3
12408 0
144 93
7 0
6 1
5 1
4 0
3 0
2 1
1 2
0 1
12418 0
144 94
7 0
6 0
5 1
4 0
3 3
2 1
1 1
0 0
12428 0
144 95
7 0
6 0
5 0
4 0
3 0
2 1
1 0
0 1
12438 0
144 145
7 2
6 2
5 0
4 0
3 3
2 1
1 0
0 0
12448 0
144 146
7 1
6 2
5 0
4 2
3 0
2 1
1 2
0 0
12458 0
144 147
7 2
6 2
5 1
4 3
3 1
2 0
1 2
0 3
12469 0
144 169
8 0
7 1
6 3
5 0
4 1
3 3
2 1
1 2
0 3
12478 0
145 94
7 0
6 0
5 0
4 2
3 1
2 1
1 0
0 3
12488 0
145 143
7 2
6 0
5 0
4 0
3 3
2 1
1 1
0 0
12498 0
145 144
7 1
6 1
5 0
4 3
3 0
2 1
1 3
0 3
12508 0
145 146
7 0
6 2
5 0
4 1
3 0
2 0
1 3
0 3
12519 0
145 169
8 0
7 2
6 3
5 0
4 2
3 1
2 0
1 1
0 3
12529 0
145 170
8 0
7 1
6 2
5 0
4 3
3 0
2 1
1 1
0 3
12538 0
146 142
7 2
6 1
5 0
4 3
3 0
2 2
1 3
0 3
12548 0
146 144
7 0
6 0
5 0
4 1
3 0
2 0
1 2
0 3
12558 0
146 145
7 2
6 0
5 0
4 2
3 0
2 0
1 0
0 0
12569 0
146 168
8 0
7 2
6 0
5 0
4 1
3 0
2 0
1 3
0 2
12579 0
146 169
8 0
7 2
6 0
5 0
4 3
3 0
2 0
1 2
0 1
12588 0
147 98
7 0
6 1
5 1
4 2
3 0
2 1
1 0
0 3
12598 0
147 100
7 0
6 3
5 1
4 0
3 2
2 1
1 2
0 3
12608 0
147 140
7 2
6 3
5 3
4 0
3 1
2 1
1 2
0 3
12618 0
147 142
7 1
6 2
5 0
4 1
3 0
2 1
1 2
0 0
12628 0
147 143
7 2
6 0
5 3
4 2
3 0
2 1
1 3
0 3
12638 0
147 144
7 2
6 2
5 1
4 0
3 1
2 0
1 2
0 3
12649 0
147 169
8 0
7 1
6 3
5 0
4 0
3 0
2 0
1 0
0 3
12658 0
148 98
7 0
6 3
5 0
4 2
3 1
2 1
1 1
0 0
12668 0
148 101
7 0
6 1
5 0
4 3
3 1
2 1
1 2
0 0
12678 0
148 139
7 1
6 3
5 0
4 3
3 0
2 1
1 1
0 0
12688 0
148 140
7 2
6 2
5 0
4 1
3 0
2 2
1 2
0 0
12698 0
148 141
7 1
6 1
5 0
4 0
3 0
2 1
1 3
0 3
12708 0
148 143
7 1
6 3
5 1
4 3
3 0
2 0
1 3
0 3
12718 0
149 99
7 3
6 0
5 1
4 0
3 1
2 0
1 3
0 2
12728 0
149 102
7 0
6 3
5 0
4 2
3 1
2 1
1 0
0 3
12738 0
149 138
7 0
6 2
5 1
4 0
3 0
2 0
1 2
0 3
12748 0
149 139
7 2
6 1
5 0
4 0
3 0
2 2
1 3
0 3
12758 0
149 140
7 0
6 3
5 0
4 0
3 0
2 0
1 0
0 3
12768 0
149 141
7 1
6 2
5 1
4 3
3 0
2 1
1 2
0 3
12778 0
149 142
7 3
6 2
5 0
4 0
3 0
2 3
1 2
0 0
12789 0
149 166
8 0
7 2
6 0
5 0
4 0
3 0
2 0
1 2
0 1
12799 0
149 167
8 0
7 2
6 2
5 0
4 0
3 3
2 1
1 1
0 0
12808 0
150 100
7 0
6 0
5 0
4 0
3 1
2 0
1 3
0 0
12818 0
150 102
7 0
6 0
5 0
4 3
3 0
2 1
1 3
0 1
12828 0
150 105
7 0
6 3
5 0
4 1
3 1
2 0
1 3
0 0
12838 0
150 135
7 0
6 0
5 0
4 3
3 0
2 0
1 2
0 0
12848 0
150 136
7 1
6 3
5 1
4 0
3 0
2 0
1 2
0 0
12858 0
150 137
7 1
6 0
5 0
4 2
3 0
2 1
1 3
0 3
12868 0
150 138
7 0
6 2
5 0
4 0
3 0
2 1
1 1
0 3
12878 0
150 139
7 2
6 0
5 3
4 1
3 0
2 1
1 3
0 3
12888 0
150 140
7 2
6 2
5 0
4 0
3 1
2 0
1 3
0 0
12899 0
150 165
8 0
7 2
6 0
5 0
4 2
3 1
2 0
1 2
0 3
12909 0
150 167
8 0
7 2
6 3
5 0
4 0
3 3
2 1
1 3
0 2
12918 0
151 101
7 1
6 1
5 1
4 1
3 0
2 1
1 3
0 0
12928 0
151 102
7 0
6 3
5 1
4 2
3 0
2 1
1 3
0 2
12938 0
151 103
7 0
6 2
5 0
4 1
3 1
2 1
1 2
0 0
12948 0
151 104
7 2
6 0
5 1
4 0
3 2
2 1
1 2
0 0
12958 0
151 106
7 0
6 2
5 1
4 2
3 0
2 1
1 0
0 3
12968 0
151 133
7 2
6 2
5 1
4 0
3 1
2 0
1 3
0 3
12978 0
151 134
7 0
6 3
5 1
4 2
3 0
2 0
1 2
0 3
12988 0
151 135
7 0
6 3
5 0
4 3
3 3
2 1
1 3
0 3
12998 0
151 136
7 1
6 3
5 0
4 0
3 0
2 1
1 1
0 0
13008 0
151 137
7 2
6 0
5 0
4 2
3 3
2 1
1 3
0 0
13018 0
151 138
7 2
6 0
5 0
4 0
3 1
2 0
1 2
0 0
13028 0
151 139
7 0
6 0
5 0
4 3
3 0
2 0
1 3
0 3
13039 0
151 166
8 0
7 1
6 3
5 0
4 1
3 0
2 0
1 2
0 0
13048 0
152 104
7 0
6 0
5 1
4 2
3 0
2 1
1 1
0 3
13058 0
152 105
7 0
6 3
5 3
4 1
3 0
2 1
1 3
0 0
13068 0
152 106
7 2
6 0
5 1
4 2
3 1
2 0
1 3
0 0
13078 0
152 107
7 0
6 2
5 0
4 1
3 1
2 1
1 3
0 3
13088 0
152 108
7 0
6 3
5 0
4 1
3 0
2 2
1 2
0 0
13098 0
152 109
7 0
6 2
5 0
4 3
3 1
2 1
1 2
0 0
13108 0
152 131
7 2
6 0
5 1
4 0
3 1
2 0
1 2
0 3
13118 0
152 134
7 0
6 2
5 0
4 0
3 0
2 0
1 3
0 0
13128 0
152 135
7 2
6 2
5 1
4 0
3 0
2 0
1 0
0 0
13138 0
152 137
7 0
6 1
5 0
4 3
3 0
2 1
1 2
0 3
13149 0
152 167
8 0
7 2
6 2
5 0
4 2
3 0
2 1
1 3
0 2
13158 0
153 105
7 0
6 0
5 0
4 1
3 1
2 1
1 2
0 3
13168 0
153 107
7 0
6 0
5 0
4 0
3 0
2 2
1 3
0 3
13178 0
153 110
7 2
6 0
5 1
4 0
3 3
2 1
1 0
0 0
13188 0
153 111
7 0
6 3
5 3
4 3
3 0
2 1
1 3
0 0
13198 0
153 112
7 0
6 3
5 0
4 1
3 0
2 2
1 3
0 3
13208 0
153 113
7 0
6 2
5 0
4 3
3 1
2 1
1 3
0 3
13218 0
153 114
7 0
6 3
5 0
4 1
3 3
2 1
1 3
0 0
13228 0
153 127
7 0
6 2
5 1
4 0
3 0
2 0
1 3
0 3
13238 0
153 128
7 0
6 3
5 0
4 0
3 3
2 1
1 2
0 0
13248 0
153 130
7 1
6 2
5 1
4 3
3 0
2 1
1 3
0 3
13258 0
153 131
7 2
6 0
5 0
4 0
3 1
2 1
1 1
0 3
13268 0
153 132
7 0
6 0
5 0
4 0
3 0
2 0
1 2
0 0
13278 0
153 133
7 1
6 0
5 0
4 1
3 0
2 1
1 3
0 3
13288 0
153 134
7 2
6 2
5 0
4 2
3 1
2 1
1 2
0 0
13298 0
153 135
7 1
6 0
5 0
4 3
3 0
2 1
1 2
0 0
13309 0
153 165
8 0
7 1
6 3
5 1
4 3
3 0
2 0
1 2
0 3
13319 0
153 166
8 1
7 2
6 2
5 0
4 2
3 1
2 1
1 1
0 3
13328 0
154 107
7 0
6 0
5 0
4 1
3 0
2 1
1 1
0 0
13338 0
154 108
7 0
6 3
5 0
4 0
3 1
2 0
1 3
0 0
13348 0
154 109
7 0
6 3
5 1
4 3
3 3
2 1
1 2
0 0
13358 0
154 110
7 0
6 3
5 0
4 3
3 0
2 1
1 3
0 1
13368 0
154 111
7 0
6 0
5 0
4 3
3 1
2 1
1 2
0 3
13378 0
154 113
7 0
6 0
5 1
4 3
3 0
2 0
1 2
0 0
13388 0
154 114
7 2
6 3
5 3
4 0
3 1
2 1
1 3
0 0
13398 0
154 116
7 0
6 1
5 0
4 1
3 0
2 1
1 2
0 0
13408 0
154 117
7 0
6 3
5 0
4 2
3 1
2 1
1 2
0 3
13418 0
154 118
7 0
6 3
5 0
4 3
3 0
2 2
1 3
0 3
13428 0
154 119
7 0
6 3
5 1
4 2
3 0
2 0
1 2
0 0
13438 0
154 120
7 0
6 3
5 0
4 3
3 3
2 1
1 3
0 0
13448 0
154 121
7 0
6 3
5 1
4 0
3 3
2 1
1 2
0 3
13458 0
154 122
7 2
6 0
5 1
4 1
3 3
2 1
1 2
0 0
13468 0
154 123
7 0
6 3
5 0
4 0
3 0
2 1
1 3
0 2
13478 0
154 124
7 0
6 0
5 0
4 3
3 0
2 0
1 3
0 0
13488 0
154 125
7 0
6 0
5 1
4 0
3 0
2 0
1 2
0 3
13498 0
154 127
7 0
6 2
5 0
4 0
3 0
2 1
1 0
0 3
13508 0
154 128
7 1
6 0
5 1
4 3
3 0
2 1
1 2
0 3
13518 0
154 129
7 2
6 3
5 0
4 2
3 1
2 1
1 0
0 3
13528 0
154 130
7 0
6 3
5 0
4 2
3 0
2 0
1 3
0 0
13538 0
154 131
7 2
6 0
5 0
4 1
3 0
2 2
1 3
0 3
13548 0
154 132
7 0
6 3
5 0
4 0
3 3
2 1
1 3
0 3
13558 0
154 133
7 2
6 0
5 0
4 1
3 3
2 1
1 3
0 0
13569 0
154 163
8 0
7 2
6 0
5 0
4 1
3 0
2 0
1 1
0 0
13579 0
154 166
8 0
7 2
6 2
5 0
4 1
3 0
2 2
1 2
0 3
13588 0
155 110
7 2
6 1
5 1
4 2
3 0
2 1
1 0
0 0
13598 0
155 111
7 0
6 0
5 0
4 1
3 0
2 1
1 0
0 3
13608 0
155 112
7 2
6 3
5 1
4 0
3 2
2 1
1 2
0 0
13618 0
155 114
7 1
6 3
5 1
4 0
3 0
2 1
1 1
0 0
13628 0
155 115
7 2
6 0
5 1
4 2
3 3
2 1
1 3
0 0
13638 0
155 116
7 2
6 0
5 1
4 0
3 1
2 0
1 2
0 0
13648 0
155 117
7 0
6 0
5 1
4 3
3 0
2 0
1 3
0 3
13658 0
155 119
7 0
6 3
5 0
4 2
3 0
2 1
1 1
0 0
13668 0
155 120
7 0
6 1
5 0
4 1
3 0
2 1
1 3
0 3
13678 0
155 121
7 2
6 1
5 1
4 1
3 0
2 1
1 0
0 3
13688 0
155 122
7 0
6 1
5 0
4 3
3 0
2 1
1 2
0 0
13698 0
155 123
7 0
6 3
5 1
4 2
3 0
2 0
1 3
0 3
13708 0
155 125
7 0
6 0
5 0
4 0
3 0
2 1
1 1
0 3
13718 0
155 126
7 2
6 0
5 1
4 1
3 3
2 1
1 3
0 3
13728 0
155 127
7 2
6 0
5 0
4 0
3 1
2 0
1 3
0 0
13738 0
155 128
7 0
6 2
5 0
4 2
3 0
2 1
1 2
0 0
13748 0
155 129
7 2
6 0
5 0
4 3
3 0
2 1
1 3
0 1
13758 0
155 130
7 0
6 3
5 0
4 1
3 0
2 1
1 1
0 3
13769 0
155 163
8 0
7 0
6 2
5 0
4 3
3 0
2 0
1 3
0 3
13779 0
155 164
8 0
7 2
6 2
5 0
4 3
3 0
2 1
1 2
0 1
13788 0
156 115
7 0
6 1
5 1
4 3
3 0
2 1
1 2
0 3
13798 0
156 116
7 2
6 0
5 0
4 0
3 1
2 1
1 1
0 0
13808 0
156 118
7 1
6 0
5 0
4 1
3 0
2 1
1 3
0 0
13818 0
156 120
7 2
6 0
5 1
4 0
3 1
2 0
1 3
0 3
13828 0
156 121
7 0
6 2
5 1
4 2
3 0
2 1
1 2
0 3
13838 0
156 123
7 0
6 3
5 0
4 2
3 0
2 1
1 0
0 3
13849 0
156 163
8 0
7 3
6 2
5 0
4 3
3 3
2 0
1 3
0 0
13859 0
156 164
8 0
7 2
6 3
5 3
4 0
3 0
2 0
1 3
0 0
13869 0
157 162
8 0
7 1
6 3
5 0
4 0
3 0
2 1
1 1
0 3
13879 0
157 163
8 0
7 2
6 0
5 0
4 2
3 3
2 1
1 3
0 3
13889 0
158 160
8 0
7 0
6 2
5 0
4 0
3 0
2 0
1 3
0 3
13899 0
158 161
8 0
7 2
6 1
5 0
4 1
3 0
2 0
1 3
0 0
139010 0
158 183
9 0
8 0
7 2
6 0
5 0
4 2
3 0
2 0
1 0
0 3
13919 0
159 160
8 0
7 2
6 2
5 0
4 2
3 1
2 1
1 2
0 3
13929 0
159 161
8 0
7 1
6 0
5 0
4 3
3 0
2 1
1 2
0 3
13939 0
159 162
8 0
7 2
6 2
5 1
4 2
3 0
2 0
1 2
0 0
13949 0
160 158
8 0
7 3
6 0
5 0
4 0
3 3
2 0
1 2
0 0
13959 0
160 159
8 0
7 2
6 0
5 0
4 1
3 3
2 1
1 3
0 3
13969 0
160 160
8 0
7 2
6 1
5 1
4 3
3 0
2 0
1 3
0 3
139710 0
160 184
9 0
8 0
7 2
6 1
5 0
4 1
3 0
2 0
1 2
0 0
13989 0
161 158
8 0
7 2
6 3
5 0
4 1
3 1
2 0
1 3
0 3
13999 0
162 155
8 0
7 2
6 0
5 0
4 0
3 0
2 0
1 0
0 0
14009 0
162 156
8 0
7 2
6 2
5 0
4 1
3 1
2 1
1 2
0 3
14019 0
162 158
8 0
7 1
6 0
5 0
4 0
3 0
2 1
1 2
0 3
14029 0
162 159
8 1
7 0
6 2
5 0
4 0
3 0
2 1
1 1
0 3
14039 0
163 154
8 0
7 0
6 3
5 0
4 3
3 0
2 0
1 2
0 0
14049 0
163 156
8 0
7 1
6 3
5 0
4 2
3 0
2 1
1 3
0 3
14059 0
163 157
8 0
7 2
6 1
5 1
4 0
3 0
2 0
1 3
0 3
14069 0
163 158
8 0
7 2
6 0
5 0
4 0
3 3
2 1
1 2
0 0
14079 0
164 153
8 0
7 2
6 0
5 0
4 0
3 0
2 1
1 3
0 2
14089 0
164 156
8 0
7 2
6 3
5 0
4 2
3 3
2 1
1 3
0 0
14099 0
165 151
8 1
7 1
6 2
5 1
4 3
3 0
2 1
1 3
0 3
14109 0
165 154
8 0
7 3
6 1
5 0
4 1
3 0
2 0
1 2
0 0
14119 0
165 155
8 0
7 3
6 3
5 0
4 2
3 1
2 0
1 2
0 3
14129 0
166 149
8 0
7 3
6 0
5 0
4 1
3 0
2 0
1 0
0 3
14139 0
166 151
8 0
7 0
6 3
5 0
4 0
3 0
2 0
1 2
0 0
14149 0
166 153
8 0
7 2
6 0
5 0
4 2
3 0
2 1
1 0
0 3
14159 0
166 154
8 0
7 1
6 3
5 0
4 3
3 0
2 1
1 2
0 0
141610 0
166 180
9 0
8 0
7 2
6 1
5 0
4 0
3 0
2 1
1 1
0 3
14179 0
167 118
8 0
7 2
6 3
5 1
4 2
3 1
2 1
1 0
0 3
14189 0
167 122
8 0
7 2
6 0
5 1
4 1
3 3
2 1
1 3
0 0
14199 0
167 123
8 0
7 3
6 2
5 1
4 1
3 1
2 0
1 3
0 3
14209 0
167 147
8 0
7 1
6 3
5 1
4 3
3 0
2 1
1 2
0 3
14219 0
167 150
8 0
7 2
6 3
5 0
4 1
3 0
2 2
1 3
0 3
14229 0
167 151
8 0
7 2
6 2
5 0
4 3
3 1
2 1
1 3
0 3
14239 0
167 152
8 0
7 2
6 3
5 0
4 1
3 3
2 1
1 3
0 0
14249 0
168 129
8 0
7 2
6 2
5 1
4 2
3 0
2 1
1 0
0 0
14259 0
168 141
8 0
7 0
6 2
5 0
4 3
3 0
2 1
1 2
0 0
14269 0
168 142
8 0
7 2
6 2
5 1
4 3
3 0
2 1
1 1
0 0
14279 0
168 144
8 0
7 0
6 3
5 0
4 0
3 0
2 1
1 1
0 3
14289 0
168 145
8 0
7 2
6 0
5 0
4 1
3 0
2 1
1 1
0 0
14299 0
168 148
8 0
7 2
6 3
5 0
4 3
3 0
2 1
1 3
0 1
14309 0
169 126
8 0
7 0
6 0
5 0
4 2
3 0
2 1
1 2
0 0
14319 0
169 134
8 0
7 0
6 2
5 1
4 3
3 0
2 1
1 2
0 3
14329 0
169 138
8 0
7 2
6 0
5 0
4 2
3 0
2 1
1 0
0 0
14339 0
169 140
8 1
7 1
6 3
5 1
4 2
3 0
2 1
1 2
0 0
14349 0
169 143
8 0
7 3
6 1
5 0
4 1
3 0
2 0
1 3
0 0
14359 0
169 145
8 0
7 0
6 2
5 0
4 3
3 0
2 1
1 3
0 3
14369 0
169 147
8 0
7 2
6 1
5 0
4 2
3 0
2 1
1 3
0 0
14379 0
169 148
8 0
7 3
6 0
5 0
4 0
3 0
2 0
1 1
0 0
143810 0
169 179
9 0
8 0
7 2
6 0
5 0
4 1
3 0
2 0
1 2
0 0
143910 0
169 180
9 0
8 1
7 3
6 0
5 0
4 0
3 3
2 0
1 2
0 0
14409 0
170 131
8 0
7 2
6 0
5 1
4 2
3 0
2 1
1 0
0 3
14419 0
170 135
8 0
7 2
6 3
5 0
4 1
3 0
2 2
1 3
0 0
14429 0
170 138
8 0
7 3
6 1
5 1
4 3
3 0
2 0
1 2
0 0
14439 0
170 140
8 0
7 0
6 3
5 0
4 0
3 0
2 0
1 3
0 0
14449 0
170 142
8 0
7 3
6 2
5 0
4 2
3 1
2 1
1 2
0 3
14459 0
170 144
8 0
7 1
6 3
5 1
4 0
3 0
2 1
1 2
0 3
144610 0
170 178
9 0
8 0
7 3
6 3
5 0
4 0
3 3
2 0
1 2
0 0
144710 0
170 179
9 0
8 0
7 2
6 3
5 0
4 1
3 3
2 1
1 3
0 3
14489 0
171 130
8 0
7 2
6 3
5 1
4 1
3 3
2 1
1 3
0 0
14499 0
171 133
8 0
7 0
6 3
5 1
4 0
3 0
2 0
1 3
0 3
14509 0
171 136
8 0
7 1
6 3
5 1
4 3
3 0
2 1
1 3
0 3
14519 0
171 138
8 0
7 0
6 2
5 0
4 0
3 0
2 1
1 2
0 0
14529 0
171 140
8 0
7 2
6 3
5 0
4 2
3 1
2 1
1 2
0 0
145310 0
173 177
9 0
8 0
7 2
6 2
5 1
4 0
3 0
2 0
1 3
0 3
145410 0
174 175
9 0
8 0
7 2
6 0
5 1
4 0
3 0
2 0
1 2
0 3
145510 0
174 177
9 0
8 0
7 2
6 2
5 0
4 0
3 0
2 1
1 0
0 3
145610 0
176 174
9 0
8 1
7 2
6 3
5 0
4 1
3 3
2 1
1 3
0 0
145710 0
177 172
9 0
8 0
7 3
6 3
5 0
4 1
3 3
2 1
1 2
0 3
145810 0
178 169
9 0
8 0
7 2
6 1
5 0
4 0
3 0
2 1
1 2
0 0
145910 0
178 170
9 0
8 1
7 3
6 0
5 0
4 0
3 0
2 0
1 1
0 0
146010 0
179 167
9 0
8 0
7 2
6 2
5 0
4 2
3 0
2 1
1 3
0 0
146110 0
180 166
9 0
8 0
7 3
6 3
5 3
4 0
3 0
2 1
1 2
0 3
146210 0
181 169
9 0
8 0
7 2
6 0
5 0
4 2
3 0
2 1
1 3
0 3
146310 0
182 165
9 0
8 3
7 2
6 3
5 0
4 3
3 0
2 2
1 3
0 3
146410 0
183 157
9 0
8 0
7 3
6 3
5 0
4 0
3 0
2 0
1 0
0 0
146510 0
183 162
9 0
8 1
7 3
6 0
5 0
4 0
3 3
2 1
1 2
0 0
146610 0
183 163
9 0
8 2
7 3
6 2
5 0
4 0
3 1
2 0
1 2
0 0
146710 0
184 154
9 0
8 0
7 2
6 0
5 0
4 2
3 0
2 1
1 3
0 0
146810 0
184 155
9 0
8 0
7 3
6 2
5 0
4 0
3 0
2 1
1 1
0 0
146910 0
184 160
9 0
8 0
7 3
6 3
5 0
4 0
3 3
2 1
1 2
0 0
147010 0
184 161
9 0
8 1
7 3
6 1
5 0
4 0
3 0
2 1
1 0
0 3
147110 0
185 148
9 0
8 0
7 3
6 1
5 0
4 1
3 0
2 1
1 2
0 0
1472