21 90
1 2
2 1
1 3
3 1
2 3
3 2
2 4
4 2
2 5
5 2
3 5
5 3
3 6
6 3
4 5
5 4
4 7
7 4
4 8
8 4
5 6
6 5
5 8
8 5
5 9
9 5
6 9
9 6
6 10
10 6
7 8
8 7
7 11
11 7
7 12
12 7
8 9
9 8
8 12
12 8
8 13
13 8
9 10
10 9
9 13
13 9
9 14
14 9
10 14
14 10
10 15
15 10
11 12
12 11
11 16
16 11
11 17
17 11
12 13
13 12
12 17
17 12
12 18
18 12
13 14
14 13
13 18
18 13
13 19
19 13
14 15
15 14
14 19
19 14
14 20
20 14
15 20
20 15
15 21
21 15
16 17
17 16
17 18
18 17
18 19
19 18
19 20
20 19
20 21
21 20